0 689724 3 = 0.0
2 0 0 2 3 = 0.0
3 0 5471.000000 = -473022.66
4 9009690631 0 689724 = -1174500.0
4 8344939134 0 689724 = -1174500.0000000002
4 8445045058 0 689724 = -1174500.0
4 9638915081 0 689724 = -704700.0
4 1206660681 0 689724 = -704700.0
1 626410 0 = -207343.5951451091
5 9009690631 0 626410 = 2577570.4813433792
5 8344939134 0 626410 = 2454829.029850837
5 8445045058 0 626410 = 2577570.4813433792
5 9638915081 0 626410 = 360859.86738807335
5 1206660681 0 626410 = 343676.06417911686
0 714027 3 = 0.0
2 1 0 2 3 = 0.0
3 1 5487.000000 = -578823.6299999999
4 1453835187 1 714027 = -1174500.0
4 1965117454 1 714027 = -1174500.0
4 6549648681 1 714027 = -1174500.0
4 4131224565 1 714027 = -704700.0
4 3306250002 1 714027 = -704700.0
1 293614 1 = -266120.953325985
5 1453835187 1 293614 = 1513438.0161911268
5 1965117454 1 293614 = 1444645.3790915292
5 6549648681 1 293614 = 1513438.0161911268
5 4131224565 1 293614 = 192619.38387886994
5 3306250002 1 293614 = 75843.88240230456
0 177834 3 = 0.0
2 2 0 10 0 = 0.0
3 2 5491.000000 = -491060.1300000008
4 3211094631 2 177834 = -704700.0
4 4030341695 2 177834 = -704700.0
4 8447669128 2 177834 = -704700.0
4 2747438028 2 177834 = -704700.0
4 6818925162 2 177834 = -704700.0
4 3022375736 2 177834 = -704700.0
4 5930262867 2 177834 = -704700.0
4 4047755635 2 177834 = -704700.0
4 4661170147 2 177834 = -704700.0
4 8396493127 2 177834 = -704700.0
1 144033 2 = -242869.72225340083
5 3211094631 2 144033 = 75702.15525963902
5 4030341695 2 144033 = 82911.88433198631
5 8447669128 2 144033 = 97331.34247667901
5 2747438028 2 144033 = 79307.01979581267
5 6818925162 2 144033 = 82911.88433198631
5 3022375736 2 144033 = 100936.20701285265
5 5930262867 2 144033 = 75702.15525963902
5 4047755635 2 144033 = 75702.15525963902
5 4661170147 2 144033 = 75702.15525963902
5 8396493127 2 144033 = 75702.15525963902
0 464928 3 = 0.0
2 3 0 2 3 = 0.0
3 3 5434.000000 = -530195.379999999
4 1438601882 3 464928 = -1174500.0
4 8604999892 3 464928 = -1174500.0
4 5468776075 3 464928 = -1174500.0
4 7973703491 3 464928 = -704700.0
4 9271542701 3 464928 = -704700.0
1 809041 3 = -264758.05498747155
5 1438601882 3 809041 = 3295647.363860732
5 8604999892 3 809041 = 2563281.28300279
5 5468776075 3 809041 = 2441220.2695264667
5 7973703491 3 809041 = 140980.47056515515
5 9271542701 3 809041 = 134572.26735764742
0 850448 3 = 0.0
2 4 0 2 3 = 0.0
3 4 5365.000000 = -398941.3999999985
4 6486602542 4 850448 = -1174500.0
4 8879495265 4 850448 = -1174500.0
4 8900968352 4 850448 = -1174500.0
4 1449813870 4 850448 = -704700.0
4 9205165485 4 850448 = -704700.0
1 190542 4 = -263642.04768145457
5 6486602542 4 190542 = 6706445.0565315895
5 8879495265 4 190542 = 1362579.3130730838
5 8900968352 4 190542 = 1430708.278726738
5 1449813870 4 190542 = 92996.03811723739
5 9205165485 4 190542 = 85842.49672360346
0 126074 3 = 0.0
2 5 0 2 3 = 0.0
3 5 5352.000000 = -574590.7199999988
4 6803024338 5 126074 = -1174500.0
4 1556717519 5 126074 = -1174500.0
4 9449973779 5 126074 = -1174500.0
4 3812157504 5 126074 = -704700.0
4 9827992257 5 126074 = -704700.0
1 553577 5 = -226868.6406579092
5 6803024338 5 553577 = 7001638.555043813
5 1556717519 5 553577 = 1629472.2455374673
5 9449973779 5 553577 = 1493682.891742684
5 3812157504 5 553577 = 199610.3500783369
5 9827992257 5 553577 = 78418.35181649029
0 664968 3 = 0.0
2 6 0 2 3 = 0.0
3 6 5328.000000 = -485274.2400000021
4 8974590915 6 664968 = -1174500.0
4 4634859328 6 664968 = -1174500.0
4 9337787307 6 664968 = -1174500.0
4 4408544972 6 664968 = -704700.0
4 9445390582 6 664968 = -704700.0
1 622759 6 = -221170.20759683847
5 8974590915 6 622759 = 7945828.808445662
5 4634859328 6 622759 = 1423892.522473462
5 9337787307 6 622759 = 1356088.1166413948
5 4408544972 6 622759 = 85433.55134841055
5 9445390582 6 622759 = 78314.08873604238
0 538677 3 = 0.0
2 7 0 10 0 = 0.0
3 7 5371.000000 = -380481.6400000006
4 6530053689 7 538677 = -704700.0
4 4594148565 7 538677 = -704700.0
4 6438318025 7 538677 = -704700.0
4 1672563386 7 538677 = -704700.0
4 8992541682 7 538677 = -704700.0
4 9528785387 7 538677 = -704700.0
4 8478480505 7 538677 = -704700.0
4 4077352992 7 538677 = -704700.0
4 3309846886 7 538677 = -704700.0
4 6609686724 7 538677 = -704700.0
1 238738 7 = -321555.3312233165
5 6530053689 7 238738 = 88301.11618607491
5 4594148565 7 238738 = 74172.9375963062
5 6438318025 7 238738 = 81237.02689119428
5 1672563386 7 238738 = 70640.89294886589
5 8992541682 7 238738 = 70640.89294886589
5 9528785387 7 238738 = 74172.9375963062
5 8478480505 7 238738 = 105961.33942329139
5 4077352992 7 238738 = 77704.98224374652
5 3309846886 7 238738 = 74172.9375963062
5 6609686724 7 238738 = 70640.89294886589
0 181740 0 = 0.0
2 8 0 20 0 = 0.0
3 8 4789.000000 = -403521.1400000006
4 1751467879 8 181740 = -16791.29999999702
4 1535370880 8 181740 = -16791.29999999702
4 2811773343 8 181740 = -16791.29999999702
4 9835303472 8 181740 = -16791.29999999702
4 8835738796 8 181740 = -16791.29999999702
4 4123382987 8 181740 = -16791.29999999702
4 8093693822 8 181740 = -16791.29999999702
4 9094408459 8 181740 = -16791.29999999702
4 1384934319 8 181740 = -16791.29999999702
4 3200792544 8 181740 = -16791.29999999702
4 5809159538 8 181740 = -16791.29999999702
4 4557206430 8 181740 = -16791.29999999702
4 6486312904 8 181740 = -16791.29999999702
4 1986756147 8 181740 = -16791.29999999702
4 6278090089 8 181740 = -16791.29999999702
4 6537093114 8 181740 = -16791.29999999702
4 6267630589 8 181740 = -16791.29999999702
4 6683645199 8 181740 = -16791.29999999702
4 5498720975 8 181740 = -16791.29999999702
4 6130083100 8 181740 = -16791.29999999702
1 758399 8 = -339758.38155368716
5 1751467879 8 758399 = 11255.701190188527
5 1535370880 8 758399 = 12944.056368716061
5 2811773343 8 758399 = 11818.486249692738
5 9835303472 8 758399 = 15757.981666259468
5 8835738796 8 758399 = 11818.486249692738
5 4123382987 8 758399 = 11818.486249692738
5 8093693822 8 758399 = 16883.55178528279
5 9094408459 8 758399 = 12381.2713092044
5 1384934319 8 758399 = 12944.056368716061
5 3200792544 8 758399 = 11255.701190188527
5 5809159538 8 758399 = 11255.701190188527
5 4557206430 8 758399 = 11255.701190188527
5 6486312904 8 758399 = 11818.486249692738
5 1986756147 8 758399 = 11818.486249692738
5 6278090089 8 758399 = 11255.701190188527
5 6537093114 8 758399 = 12381.2713092044
5 6267630589 8 758399 = 12381.2713092044
5 6683645199 8 758399 = 13506.841428227723
5 5498720975 8 758399 = 12381.2713092044
5 6130083100 8 758399 = 11255.701190188527
0 182105 3 = 0.0
2 9 0 10 0 = 0.0
3 9 5264.000000 = -433121.9200000018
4 1830009616 9 182105 = -704700.0
4 6750978918 9 182105 = -704700.0
4 1119749044 9 182105 = -704700.0
4 4470322300 9 182105 = -704700.0
4 2951470820 9 182105 = -704700.0
4 7104425312 9 182105 = -704700.0
4 7554118484 9 182105 = -704700.0
4 6057399569 9 182105 = -704700.0
4 9718236258 9 182105 = -704700.0
4 3458522895 9 182105 = -704700.0
1 703050 9 = -307378.0931337327
5 1830009616 9 703050 = 168225.6705443114
5 6750978918 9 703050 = 174456.25093483925
5 1119749044 9 703050 = 130842.18820112944
5 4470322300 9 703050 = 186917.4117159024
5 2951470820 9 703050 = 130842.18820112944
5 7104425312 9 703050 = 137072.76859165728
5 7554118484 9 703050 = 143303.34898219258
5 6057399569 9 703050 = 137072.76859165728
5 9718236258 9 703050 = 130842.18820112944
5 3458522895 9 703050 = 137072.76859165728
0 705384 0 = 0.0
2 10 1 9 4 = 0.0
3 10 5116.000000 = -353976.0399999991
4 4804528756 10 705384 = -27985.5
4 3552404370 10 705384 = -27985.5
4 4184676133 10 705384 = -27985.5
4 7221380082 10 705384 = -27985.5
4 8350666678 10 705384 = -16791.29999999702
4 2543998641 10 705384 = -16791.29999999702
4 8264334466 10 705384 = -16791.29999999702
4 2358391433 10 705384 = -16791.29999999702
4 1938250394 10 705384 = -16791.29999999702
4 6959586551 10 705384 = -16791.29999999702
4 4403191131 10 705384 = -16791.29999999702
4 3212365633 10 705384 = -16791.29999999702
4 3467599248 10 705384 = -16791.29999999702
1 631750 10 = -282112.0175419077
5 4804528756 10 631750 = 220172.70195827633
5 3552404370 10 631750 = 242189.97215410322
5 4184676133 10 631750 = 275215.87744784355
5 7221380082 10 631750 = 242189.97215410322
5 8350666678 10 631750 = 12137.020195446908
5 2543998641 10 631750 = 15604.740251295269
5 8264334466 10 631750 = 12714.973538093269
5 2358391433 10 631750 = 12137.020195446908
5 1938250394 10 631750 = 12714.973538093269
5 6959586551 10 631750 = 11559.066852807999
5 4403191131 10 631750 = 13870.880223371089
5 3212365633 10 631750 = 12714.973538093269
5 3467599248 10 631750 = 11559.066852807999
0 729080 0 = 0.0
2 11 1 17 1 = 0.0
3 11 5176.000000 = -427020.0
4 9410976989 11 729080 = -27985.5
4 6477884187 11 729080 = -16791.29999999702
4 2514635755 11 729080 = -16791.29999999702
4 2335258146 11 729080 = -16791.29999999702
4 8322327832 11 729080 = -16791.29999999702
4 2679188368 11 729080 = -16791.29999999702
4 1818147452 11 729080 = -16791.29999999702
4 5327550648 11 729080 = -16791.29999999702
4 1754621405 11 729080 = -16791.29999999702
4 3831496467 11 729080 = -16791.29999999702
4 9014839559 11 729080 = -16791.29999999702
4 9307132132 11 729080 = -16791.29999999702
4 3402394262 11 729080 = -16791.29999999702
4 9761590921 11 729080 = -16791.29999999702
4 3190626125 11 729080 = -16791.29999999702
4 2253667385 11 729080 = -16791.29999999702
4 3868388068 11 729080 = -16791.29999999702
4 4819075143 11 729080 = -16791.29999999702
1 163670 11 = -451636.8574222252
5 9410976989 11 163670 = 129844.89628928155
5 6477884187 11 163670 = 6816.857055187225
5 2514635755 11 163670 = 7141.469295911491
5 2335258146 11 163670 = 6816.857055187225
5 8322327832 11 163670 = 6816.857055187225
5 2679188368 11 163670 = 7466.0815366357565
5 1818147452 11 163670 = 7141.469295911491
5 5327550648 11 163670 = 6816.857055187225
5 1754621405 11 163670 = 6816.857055187225
5 3831496467 11 163670 = 6816.857055187225
5 9014839559 11 163670 = 6816.857055187225
5 9307132132 11 163670 = 7141.469295911491
5 3402394262 11 163670 = 6816.857055187225
5 9761590921 11 163670 = 6492.24481446296
5 3190626125 11 163670 = 7141.469295911491
5 2253667385 11 163670 = 6492.24481446296
5 3868388068 11 163670 = 9738.367221698165
5 4819075143 11 163670 = 7141.469295911491
-3295379.070390 = 0.0
