0 805842 3 = 0.0
2 0 0 2 3 = 0.0
3 0 5455.000000 = -460838.4
4 3358541054 0 805842 = -1386000.0
4 1574834921 0 805842 = -1386000.0
4 2308336815 0 805842 = -1386000.0000000005
4 9690490249 0 805842 = -831600.0
4 8192659526 0 805842 = -831600.0
1 528814 0 = -332822.66944641434
5 3358541054 0 528814 = 1447705.882877376
5 1574834921 0 528814 = 1378767.5075022615
5 2308336815 0 528814 = 1447705.882877376
5 9690490249 0 528814 = 79623.82355825603
5 8192659526 0 528814 = 72385.29414386861
0 678561 3 = 0.0
2 1 0 2 3 = 0.0
3 1 5416.000000 = -529630.6399999997
4 9582463077 1 678561 = -1386000.000000001
4 8649740743 1 678561 = -1386000.0
4 9211809370 1 678561 = -1386000.0
4 3747047431 1 678561 = -831600.0
4 2630417819 1 678561 = -831600.0
1 809198 1 = -327664.80259966664
5 9582463077 1 809198 = 6720263.517303545
5 8649740743 1 809198 = 1638464.2480282933
5 9211809370 1 809198 = 1843272.27903183
5 3747047431 1 809198 = 277173.53529145196
5 2630417819 1 809198 = 200711.87038346566
0 868529 0 = 0.0
2 2 0 12 3 = 0.0
3 2 4954.000000 = -505159.3800000008
4 6143268965 2 868529 = -21019.5
4 3212461123 2 868529 = -21019.5
4 5923858502 2 868529 = -21019.5
4 5370876448 2 868529 = -12611.699999999255
4 5757946147 2 868529 = -12611.699999999255
4 5387134221 2 868529 = -12611.699999999255
4 9779859698 2 868529 = -12611.699999999255
4 1675664892 2 868529 = -12611.699999999255
4 1205851124 2 868529 = -12611.699999999255
4 5179655298 2 868529 = -12611.699999999255
4 1867902208 2 868529 = -12611.699999999255
4 9145302351 2 868529 = -12611.699999999255
4 5633113498 2 868529 = -12611.699999999255
4 2537440099 2 868529 = -12611.699999999255
4 9473761501 2 868529 = -12611.699999999255
1 996976 2 = -291395.9957059659
5 6143268965 2 996976 = 134744.7171811089
5 3212461123 2 996976 = 128619.95730923861
5 5923858502 2 996976 = 134744.7171811089
5 5370876448 2 996976 = 6752.547758735716
5 5757946147 2 996976 = 8038.747331827879
5 5387134221 2 996976 = 6752.547758735716
5 9779859698 2 996976 = 7074.097652008757
5 1675664892 2 996976 = 6752.547758735716
5 1205851124 2 996976 = 7395.647545281798
5 5179655298 2 996976 = 8681.84711837396
5 1867902208 2 996976 = 9646.496798193082
5 9145302351 2 996976 = 6430.997865462676
5 5633113498 2 996976 = 6752.547758735716
5 2537440099 2 996976 = 9003.397011647
5 9473761501 2 996976 = 7395.647545281798
0 672033 3 = 0.0
2 3 0 2 3 = 0.0
3 3 5325.000000 = -572863.5
4 3056364916 3 672033 = -1386000.0
4 6660338928 3 672033 = -1386000.0
4 5589124559 3 672033 = -1386000.0
4 2608360040 3 672033 = -831600.0
4 1975514113 3 672033 = -831600.0
1 191892 3 = -297443.67656758055
5 3056364916 3 191892 = 6690304.600894118
5 6660338928 3 191892 = 1767089.9771250486
5 5589124559 3 191892 = 1427264.98152408
5 2608360040 3 191892 = 285452.9963048175
5 1975514113 3 191892 = 218847.2971670255
0 838988 3 = 0.0
2 4 0 2 3 = 0.0
3 4 5330.000000 = -380508.69999999925
4 1408280955 4 838988 = -1386000.0
4 5582113315 4 838988 = -1386000.0
4 5347710588 4 838988 = -1386000.0
4 9506642212 4 838988 = -831600.0
4 4875688829 4 838988 = -831600.0
1 851088 4 = -258908.50419783592
5 1408280955 4 851088 = 2532207.4348371066
5 5582113315 4 851088 = 2652788.7412579246
5 5347710588 4 851088 = 2773370.047678735
5 9506642212 4 851088 = 337627.6579782814
5 4875688829 4 851088 = 388271.80667502433
0 268678 0 = 0.0
2 5 0 12 3 = 0.0
3 5 4895.000000 = -416221.8500000015
4 7483731667 5 268678 = -21019.5
4 3212072891 5 268678 = -21019.5
4 4407218796 5 268678 = -21019.5
4 3782595448 5 268678 = -12611.699999999255
4 2875466098 5 268678 = -12611.699999999255
4 8088581636 5 268678 = -12611.699999999255
4 2389866067 5 268678 = -12611.699999999255
4 9237987481 5 268678 = -12611.699999999255
4 3743918361 5 268678 = -12611.699999999255
4 1320674545 5 268678 = -12611.699999999255
4 6830144845 5 268678 = -12611.699999999255
4 8853792739 5 268678 = -12611.699999999255
4 2027616897 5 268678 = -12611.699999999255
4 3874411187 5 268678 = -12611.699999999255
4 3298791106 5 268678 = -12611.699999999255
1 360641 5 = -411933.0730673298
5 7483731667 5 360641 = 227259.5835154578
5 3212072891 5 360641 = 281369.0081619993
5 4407218796 5 360641 = 259725.23830338567
5 3782595448 5 360641 = 11931.128134563565
5 2875466098 5 360641 = 12499.277093350887
5 8088581636 5 360641 = 15340.021887294948
5 2389866067 5 360641 = 12499.277093350887
5 9237987481 5 360641 = 14203.723969712853
5 3743918361 5 360641 = 13067.42605213821
5 1320674545 5 360641 = 14203.723969712853
5 6830144845 5 360641 = 11362.979175776243
5 8853792739 5 360641 = 11362.979175776243
5 2027616897 5 360641 = 11931.128134563565
5 3874411187 5 360641 = 12499.277093350887
5 3298791106 5 360641 = 11931.128134563565
0 210568 0 = 0.0
2 6 0 4 6 = 0.0
3 6 4717.000000 = -326888.1000000015
4 4197523498 6 210568 = -21019.5
4 6334307792 6 210568 = -21019.5
4 1486233836 6 210568 = -21019.5
4 4322711845 6 210568 = -21019.5
4 5760323521 6 210568 = -21019.5
4 4200912033 6 210568 = -21019.5
4 7037760886 6 210568 = -12611.699999999255
4 8873518826 6 210568 = -12611.699999999255
4 8066748608 6 210568 = -12611.699999999255
4 2878268317 6 210568 = -12611.699999999255
1 469841 6 = -281913.5990508981
5 4197523498 6 469841 = 237859.82897861302
5 6334307792 6 469841 = 237859.82897861302
5 1486233836 6 469841 = 259483.44979485124
5 4322711845 6 469841 = 237859.82897861302
5 5760323521 6 469841 = 216236.2081623748
5 4200912033 6 469841 = 216236.2081623748
5 7037760886 6 469841 = 13055.261067800224
5 8873518826 6 469841 = 11920.020974949002
5 8066748608 6 469841 = 11352.400928527117
5 2878268317 6 469841 = 12487.641021378338
0 484573 3 = 0.0
2 7 0 2 3 = 0.0
3 7 5263.000000 = -449828.6099999994
4 9807196379 7 484573 = -1386000.0
4 7072525595 7 484573 = -1386000.0
4 4853459534 7 484573 = -1386000.0000000037
4 3400395948 7 484573 = -831600.0
4 3778836792 7 484573 = -831600.0
1 689770 7 = -251027.53192969412
5 9807196379 7 689770 = 1.5122726735616438E7
5 7072525595 7 689770 = 2509252.4361319095
5 4853459534 7 689770 = 2389764.224887535
5 3400395948 7 689770 = 138008.8839872554
5 3778836792 7 689770 = 131735.7528969273
0 227448 3 = 0.0
2 8 0 2 3 = 0.0
3 8 5245.000000 = -496177.0
4 2875595158 8 227448 = -1386000.0
4 7026546883 8 227448 = -1386000.0
4 1424408691 8 227448 = -1386000.0
4 9652261270 8 227448 = -831600.0
4 2408181466 8 227448 = -831600.0
1 271300 8 = -255971.34813134372
5 2875595158 8 271300 = 1.4532371568679899E7
5 7026546883 8 271300 = 2861759.3242938817
5 1424408691 8 271300 = 2384799.436911568
5 9652261270 8 271300 = 350565.51722599566
5 2408181466 8 271300 = 383952.7093427628
0 164085 3 = 0.0
2 9 0 2 3 = 0.0
3 9 5270.000000 = -354196.700000003
4 2612229415 9 164085 = -1386000.0
4 8571540080 9 164085 = -1386000.0
4 6084821248 9 164085 = -1386000.0
4 9399463809 9 164085 = -831600.0
4 2191390561 9 164085 = -831600.0
1 415961 9 = -350868.48615211993
5 2612229415 9 415961 = 2503794.579208851
5 8571540080 9 415961 = 2384566.2659132034
5 6084821248 9 415961 = 2623022.8925045133
5 9399463809 9 415961 = 350531.2410892397
5 2191390561 9 415961 = 333839.27722784877
0 106289 3 = 0.0
2 10 0 2 3 = 0.0
3 10 5219.000000 = -518977.3599999994
4 2680306024 10 106289 = -1386000.0
4 5736786767 10 106289 = -1386000.0
4 5500359915 10 106289 = -1386000.0
4 3666062819 10 106289 = -831600.0
4 5646838929 10 106289 = -831600.0
1 884515 10 = -426463.6446718201
5 2680306024 10 884515 = 1473593.5296733528
5 5736786767 10 884515 = 1808501.150053665
5 5500359915 10 884515 = 1406612.0055972934
5 3666062819 10 884515 = 196925.68078361452
5 5646838929 10 884515 = 70330.60027986765
0 247492 3 = 0.0
2 11 0 10 0 = 0.0
3 11 5324.000000 = -462069.9600000009
4 4101770365 11 247492 = -831600.0
4 2017467462 11 247492 = -831600.0
4 2916830160 11 247492 = -831600.0
4 7441388949 11 247492 = -831600.0
4 4977848976 11 247492 = -831600.0
4 2401948937 11 247492 = -831600.0
4 4960865174 11 247492 = -831600.0
4 6774594042 11 247492 = -831600.0
4 3171725111 11 247492 = -831600.0
4 9241625234 11 247492 = -831600.0
1 421303 11 = -403508.1408983022
5 4101770365 11 421303 = 94711.49593989551
5 2017467462 11 421303 = 77172.33002509177
5 2916830160 11 421303 = 80680.16320805252
5 7441388949 11 421303 = 70156.66365918517
5 4977848976 11 421303 = 73664.49684213102
5 2401948937 11 421303 = 73664.49684213102
5 4960865174 11 421303 = 73664.49684213102
5 6774594042 11 421303 = 77172.33002509177
5 3171725111 11 421303 = 77172.33002509177
5 9241625234 11 421303 = 105234.99548876286
0 191053 0 = 0.0
2 12 1 17 1 = 0.0
3 12 5247.000000 = -420756.9299999997
4 8804349543 12 191053 = -21019.5
4 3283140020 12 191053 = -12611.70000000298
4 6917575745 12 191053 = -12611.70000000298
4 7991493199 12 191053 = -12611.70000000298
4 4768174122 12 191053 = -12611.70000000298
4 4200073336 12 191053 = -12611.70000000298
4 4439279292 12 191053 = -12611.70000000298
4 2464548560 12 191053 = -12611.70000000298
4 2006180816 12 191053 = -12611.70000000298
4 3919680994 12 191053 = -12611.70000000298
4 9790401993 12 191053 = -12611.70000000298
4 7397631649 12 191053 = -12611.70000000298
4 2647337383 12 191053 = -12611.70000000298
4 9610121912 12 191053 = -12611.70000000298
4 4103633123 12 191053 = -12611.70000000298
4 4056823647 12 191053 = -12611.70000000298
4 5319142811 12 191053 = -12611.70000000298
4 6681162921 12 191053 = -12611.70000000298
1 958399 12 = -358229.986376293
5 8804349543 12 958399 = 130374.54465682805
5 3283140020 12 958399 = 6844.663594484329
5 6917575745 12 958399 = 6844.663594484329
5 7991493199 12 958399 = 8148.409041047096
5 4768174122 12 958399 = 7170.599956125021
5 4200073336 12 958399 = 6518.7272328436375
5 4439279292 12 958399 = 7496.536317765713
5 2464548560 12 958399 = 6844.663594484329
5 2006180816 12 958399 = 7496.536317765713
5 3919680994 12 958399 = 7170.599956125021
5 9790401993 12 958399 = 6518.7272328436375
5 7397631649 12 958399 = 9452.154487624764
5 2647337383 12 958399 = 7496.536317765713
5 9610121912 12 958399 = 9452.154487624764
5 4103633123 12 958399 = 7496.536317765713
5 4056823647 12 958399 = 7822.4726794064045
5 5319142811 12 958399 = 7822.4726794064045
5 6681162921 12 958399 = 6518.7272328436375
0 103008 3 = 0.0
2 13 0 2 3 = 0.0
3 13 5175.000000 = -528264.0
4 6631277694 13 103008 = -1386000.0
4 3026979812 13 103008 = -1386000.0
4 9609492243 13 103008 = -1386000.0
4 5054360928 13 103008 = -831600.0
4 8541566771 13 103008 = -831600.0
1 198360 13 = -296213.8327739835
5 6631277694 13 198360 = 1400241.2618689686
5 3026979812 13 198360 = 1333563.106541872
5 9609492243 13 198360 = 1800310.1938315183
5 5054360928 13 198360 = 70012.06309345365
5 8541566771 13 198360 = 80513.87255746126
0 343444 0 = 0.0
2 14 1 17 1 = 0.0
3 14 5093.000000 = -444822.62000000477
4 8145391224 14 343444 = -21019.5
4 6713274400 14 343444 = -12611.70000000298
4 6823662261 14 343444 = -12611.70000000298
4 3504160464 14 343444 = -12611.70000000298
4 5996507514 14 343444 = -12611.70000000298
4 4059120098 14 343444 = -12611.70000000298
4 9995887568 14 343444 = -12611.70000000298
4 2188851286 14 343444 = -12611.70000000298
4 4997825473 14 343444 = -12611.70000000298
4 1899515677 14 343444 = -12611.70000000298
4 1975054751 14 343444 = -12611.70000000298
4 1232267075 14 343444 = -12611.70000000298
4 5393424193 14 343444 = -12611.70000000298
4 9428241332 14 343444 = -12611.70000000298
4 8002116787 14 343444 = -12611.70000000298
4 6558899387 14 343444 = -12611.70000000298
4 1269976034 14 343444 = -12611.70000000298
4 6819015726 14 343444 = -12611.70000000298
1 557022 14 = -270597.4685664624
5 8145391224 14 557022 = 123506.57004392147
5 6713274400 14 557022 = 9401.937644585967
5 6823662261 14 557022 = 7780.913912773132
5 3504160464 14 557022 = 6484.094927310944
5 5996507514 14 557022 = 6808.299673676491
5 4059120098 14 557022 = 7132.504420042038
5 9995887568 14 557022 = 7132.504420042038
5 2188851286 14 557022 = 7456.709166407585
5 4997825473 14 557022 = 7132.504420042038
5 1899515677 14 557022 = 6484.094927310944
5 1975054751 14 557022 = 9077.732898235321
5 1232267075 14 557022 = 6808.299673676491
5 5393424193 14 557022 = 7132.504420042038
5 9428241332 14 557022 = 8105.1186591386795
5 8002116787 14 557022 = 6484.094927310944
5 6558899387 14 557022 = 7456.709166407585
5 1269976034 14 557022 = 7456.709166407585
5 6819015726 14 557022 = 8429.323405504227
0 463040 0 = 0.0
2 15 0 12 3 = 0.0
3 15 4475.000000 = -410536.5
4 2647698344 15 463040 = -21019.5
4 6007151208 15 463040 = -21019.5
4 3857570608 15 463040 = -21019.5
4 9222685095 15 463040 = -12611.70000000298
4 9835077140 15 463040 = -12611.70000000298
4 9546984239 15 463040 = -12611.70000000298
4 3953354130 15 463040 = -12611.70000000298
4 3428754022 15 463040 = -12611.70000000298
4 1874744298 15 463040 = -12611.70000000298
4 2358396100 15 463040 = -12611.70000000298
4 1613884012 15 463040 = -12611.70000000298
4 8129924832 15 463040 = -12611.70000000298
4 1398154528 15 463040 = -12611.70000000298
4 5295137253 15 463040 = -12611.70000000298
4 3264931553 15 463040 = -12611.70000000298
1 229398 15 = -322847.41344591975
5 2647698344 15 229398 = 639114.8454816937
5 6007151208 15 229398 = 136344.5003694296
5 3857570608 15 229398 = 142272.5221246183
5 9222685095 15 229398 = 6224.422842949629
5 9835077140 15 229398 = 6846.865127250552
5 9546984239 15 229398 = 6535.64398509264
5 3953354130 15 229398 = 8091.749695837498
5 3428754022 15 229398 = 6846.865127250552
5 1874744298 15 229398 = 6535.64398509264
5 2358396100 15 229398 = 6535.64398509264
5 1613884012 15 229398 = 6535.64398509264
5 8129924832 15 229398 = 7780.528553694487
5 1398154528 15 229398 = 6535.64398509264
5 5295137253 15 229398 = 6846.865127250552
5 3264931553 15 229398 = 7780.528553694487
0 479712 3 = 0.0
2 16 0 2 3 = 0.0
3 16 5077.000000 = -441749.7699999958
4 1469639037 16 479712 = -1386000.0
4 8442134323 16 479712 = -1386000.0
4 5801875350 16 479712 = -1386000.0
4 5115670763 16 479712 = -831600.0
4 2543033749 16 479712 = -831600.0
1 731617 16 = -398948.36480633914
5 1469639037 16 731617 = 1.2027611460515335E7
5 8442134323 16 731617 = 2449259.0610504
5 5801875350 16 731617 = 2449259.0610504
5 5115670763 16 731617 = 159201.83896827698
5 2543033749 16 731617 = 128586.10070514679
0 958220 0 = 0.0
2 17 0 20 0 = 0.0
3 17 4400.000000 = -376068.0
4 7657672811 17 958220 = -12611.70000000298
4 6890372796 17 958220 = -12611.70000000298
4 3622111722 17 958220 = -12611.70000000298
4 8194882660 17 958220 = -12611.70000000298
4 5839072800 17 958220 = -12611.70000000298
4 1038776257 17 958220 = -12611.70000000298
4 5283494106 17 958220 = -12611.70000000298
4 1675955159 17 958220 = -12611.70000000298
4 6859894997 17 958220 = -12611.70000000298
4 2195185901 17 958220 = -12611.70000000298
4 2244943348 17 958220 = -12611.70000000298
4 6416556595 17 958220 = -12611.70000000298
4 8075634444 17 958220 = -12611.70000000298
4 6415141387 17 958220 = -12611.70000000298
4 9008619693 17 958220 = -12611.70000000298
4 4464790082 17 958220 = -12611.70000000298
4 7366718793 17 958220 = -12611.70000000298
4 5468403600 17 958220 = -12611.70000000298
4 3554875278 17 958220 = -12611.70000000298
4 6016049913 17 958220 = -12611.70000000298
1 654921 17 = -365741.9829725325
5 7657672811 17 654921 = 6164.874507471919
5 6890372796 17 654921 = 7706.093134343624
5 3622111722 17 654921 = 6781.361958220601
5 8194882660 17 654921 = 6473.11823284626
5 5839072800 17 654921 = 7089.605683594942
5 1038776257 17 654921 = 6164.874507471919
5 5283494106 17 654921 = 8630.824310451746
5 1675955159 17 654921 = 6473.11823284626
5 6859894997 17 654921 = 6781.361958220601
5 2195185901 17 654921 = 6781.361958220601
5 2244943348 17 654921 = 6781.361958220601
5 6416556595 17 654921 = 6473.11823284626
5 8075634444 17 654921 = 6164.874507471919
5 6415141387 17 654921 = 7089.605683594942
5 9008619693 17 654921 = 6164.874507471919
5 4464790082 17 654921 = 6164.874507471919
5 7366718793 17 654921 = 6164.874507471919
5 5468403600 17 654921 = 8322.580585077405
5 3554875278 17 654921 = 6164.874507471919
5 6016049913 17 654921 = 6473.11823284626
0 957896 0 = 0.0
2 18 0 12 3 = 0.0
3 18 4297.000000 = -389007.4099999964
4 6276452594 18 957896 = -21019.5
4 8778194954 18 957896 = -21019.5
4 6021091684 18 957896 = -21019.5
4 1993703633 18 957896 = -12611.70000000298
4 8436387521 18 957896 = -12611.70000000298
4 2576266645 18 957896 = -12611.70000000298
4 4764895777 18 957896 = -12611.70000000298
4 1707120621 18 957896 = -12611.70000000298
4 4714557759 18 957896 = -12611.70000000298
4 6724360946 18 957896 = -12611.70000000298
4 2247722427 18 957896 = -12611.70000000298
4 6648992266 18 957896 = -12611.70000000298
4 1512103023 18 957896 = -12611.70000000298
4 2393272052 18 957896 = -12611.70000000298
4 1648845343 18 957896 = -12611.70000000298
1 946658 18 = -469083.63373817503
5 6276452594 18 946658 = 123094.89471383393
5 8778194954 18 946658 = 128956.55636686087
5 6021091684 18 946658 = 134818.2180199027
5 1993703633 18 946658 = 6154.744735687971
5 8436387521 18 946658 = 8308.905393183231
5 2576266645 18 946658 = 6462.48197247088
5 4764895777 18 946658 = 6770.219209253788
5 1707120621 18 946658 = 6770.219209253788
5 4714557759 18 946658 = 6462.48197247088
5 6724360946 18 946658 = 6770.219209253788
5 2247722427 18 946658 = 8924.379866749048
5 6648992266 18 946658 = 7385.693682834506
5 1512103023 18 946658 = 7693.4309196174145
5 2393272052 18 946658 = 6462.48197247088
5 1648845343 18 946658 = 7385.693682834506
0 854072 3 = 0.0
2 19 0 2 3 = 0.0
3 19 5035.000000 = -399879.700000003
4 3469227040 19 854072 = -1386000.0
4 4587690282 19 854072 = -1386000.0
4 8063533675 19 854072 = -1386000.0
4 3163218752 19 854072 = -831600.0
4 1684677543 19 854072 = -831600.0
1 742854 19 = -310474.97463651
5 3469227040 19 742854 = 7295200.289198369
5 4587690282 19 742854 = 1361770.72065036
5 8063533675 19 742854 = 1361770.72065036
5 3163218752 19 742854 = 226961.78677506745
5 1684677543 19 742854 = 199726.37236204743
36590643.119384 = 0.0
