0 368481 3 = 0.0
2 0 0 2 3 = 0.0
3 0 5461.000000 = -520214.86000000004
4 7494688643 0 368481 = -1332000.0
4 9419792745 0 368481 = -1332000.0000000002
4 2151769885 0 368481 = -1332000.0
4 7915923412 0 368481 = -799200.0
4 4834107443 0 368481 = -799200.0
1 856923 0 = -228189.18626520317
5 7494688643 0 856923 = 1.2625682351778062E7
5 9419792745 0 856923 = 2693478.901712654
5 2151769885 0 856923 = 2571048.0425438955
5 7915923412 0 856923 = 154262.88255263492
5 4834107443 0 856923 = 160690.502658993
0 586280 0 = 0.0
2 1 0 20 0 = 0.0
3 1 5215.000000 = -438842.25
4 1655380140 1 586280 = -14531.400000000373
4 5346220730 1 586280 = -14531.400000000373
4 2180411872 1 586280 = -14531.400000000373
4 9725556654 1 586280 = -14531.400000000373
4 8871182565 1 586280 = -14531.400000000373
4 4401182320 1 586280 = -14531.400000000373
4 4589438887 1 586280 = -14531.400000000373
4 4145538363 1 586280 = -14531.400000000373
4 3903021708 1 586280 = -14531.400000000373
4 4545213659 1 586280 = -14531.400000000373
4 6560107839 1 586280 = -14531.400000000373
4 1615811596 1 586280 = -14531.400000000373
4 3618870772 1 586280 = -14531.400000000373
4 3267571857 1 586280 = -14531.400000000373
4 7000515345 1 586280 = -14531.400000000373
4 1228350314 1 586280 = -14531.400000000373
4 4742343925 1 586280 = -14531.400000000373
4 3284625305 1 586280 = -14531.400000000373
4 8838419627 1 586280 = -14531.400000000373
4 1861544064 1 586280 = -14531.400000000373
1 632342 1 = -350687.78349280544
5 1655380140 1 632342 = 12130.587885741144
5 5346220730 1 632342 = 13863.529012273997
5 2180411872 1 632342 = 12708.234927918762
5 9725556654 1 632342 = 12130.587885741144
5 8871182565 1 632342 = 12708.234927918762
5 4401182320 1 632342 = 12130.587885741144
5 4589438887 1 632342 = 13285.88197009638
5 4145538363 1 632342 = 12130.587885741144
5 3903021708 1 632342 = 17329.411265343428
5 4545213659 1 632342 = 12708.234927918762
5 6560107839 1 632342 = 12708.234927918762
5 1615811596 1 632342 = 12130.587885741144
5 3618870772 1 632342 = 12130.587885741144
5 3267571857 1 632342 = 12708.234927918762
5 7000515345 1 632342 = 12130.587885741144
5 1228350314 1 632342 = 12708.234927918762
5 4742343925 1 632342 = 12708.234927918762
5 3284625305 1 632342 = 12130.587885741144
5 8838419627 1 632342 = 14441.176054451615
5 1861544064 1 632342 = 12130.587885741144
0 831004 3 = 0.0
2 2 0 2 3 = 0.0
3 2 5442.000000 = -410054.7000000011
4 6827043721 2 831004 = -1332000.0
4 8077078425 2 831004 = -1332000.0
4 7413132068 2 831004 = -1332000.0
4 3698518845 2 831004 = -799200.0
4 4821445148 2 831004 = -799200.0
1 343936 2 = -212938.17025700398
5 6827043721 2 343936 = 1.259526721189384E7
5 8077078425 2 343936 = 2686990.3385373503
5 7413132068 2 343936 = 2564854.41405838
5 3698518845 2 343936 = 444574.7651034519
5 4821445148 2 343936 = 359079.61796817183
0 179066 3 = 0.0
2 3 0 2 3 = 0.0
3 3 5398.000000 = -570028.799999997
4 5880968012 3 179066 = -1332000.0
4 1152239856 3 179066 = -1332000.0
4 2810014115 3 179066 = -1332000.0
4 7159307592 3 179066 = -799200.0
4 2843004279 3 179066 = -799200.0
1 401348 3 = -244147.97876932845
5 5880968012 3 401348 = 8991475.631095044
5 1152239856 3 401348 = 1438636.100975208
5 2810014115 3 401348 = 1438636.100975208
5 7159307592 3 401348 = 201409.05413652956
5 2843004279 3 401348 = 75528.39530120045
0 492866 3 = 0.0
2 4 0 2 3 = 0.0
3 4 5368.000000 = -455260.0799999982
4 4687627724 4 492866 = -1332000.0
4 8982830035 4 492866 = -1332000.0
4 4782856722 4 492866 = -1332000.0
4 6638961079 4 492866 = -799200.0
4 9863874543 4 492866 = -799200.0
1 620721 4 = -245062.8640811965
5 4687627724 4 620721 = 2420847.6498110145
5 8982830035 4 620721 = 2541890.0323015675
5 4782856722 4 620721 = 2420847.6498110145
5 6638961079 4 620721 = 152513.4019380957
5 9863874543 4 620721 = 158868.12701884657
0 733912 0 = 0.0
2 5 0 12 3 = 0.0
3 5 4850.000000 = -365447.5
4 6611772569 5 733912 = -24219.0
4 6357296246 5 733912 = -24219.0
4 5248185301 5 733912 = -24219.0
4 2291678872 5 733912 = -14531.39999999851
4 6850562129 5 733912 = -14531.39999999851
4 9711476958 5 733912 = -14531.39999999851
4 3618888633 5 733912 = -14531.39999999851
4 3814417745 5 733912 = -14531.39999999851
4 9973168250 5 733912 = -14531.39999999851
4 5860536154 5 733912 = -14531.39999999851
4 3755895246 5 733912 = -14531.39999999851
4 7192134333 5 733912 = -14531.39999999851
4 2754039868 5 733912 = -14531.39999999851
4 8575408959 5 733912 = -14531.39999999851
4 6115173983 5 733912 = -14531.39999999851
1 320576 5 = -294367.1368703246
5 6611772569 5 320576 = 127895.77904109657
5 6357296246 5 320576 = 127895.77904109657
5 5248185301 5 320576 = 127895.77904109657
5 2291678872 5 320576 = 6714.528399653733
5 6850562129 5 320576 = 6714.528399653733
5 9711476958 5 320576 = 9272.44398047775
5 3618888633 5 320576 = 7034.267847262323
5 3814417745 5 320576 = 6714.528399653733
5 9973168250 5 320576 = 9272.44398047775
5 5860536154 5 320576 = 6714.528399653733
5 3755895246 5 320576 = 7673.746742464602
5 7192134333 5 320576 = 7034.267847262323
5 2754039868 5 320576 = 7354.007294863462
5 8575408959 5 320576 = 6394.788952052593
5 6115173983 5 320576 = 7034.267847262323
0 225634 3 = 0.0
2 6 0 10 0 = 0.0
3 6 5438.000000 = -533576.5599999987
4 6186961602 6 225634 = -799200.0
4 7699193087 6 225634 = -799200.0
4 5973196836 6 225634 = -799200.0
4 4591386498 6 225634 = -799200.0
4 5054525800 6 225634 = -799200.0
4 1360220962 6 225634 = -799200.0
4 6690777850 6 225634 = -799200.0
4 7096477893 6 225634 = -799200.0
4 6254838939 6 225634 = -799200.0
4 6342833750 6 225634 = -799200.0
1 788017 6 = -363553.07869216055
5 6186961602 6 788017 = 78101.26637098193
5 7699193087 6 788017 = 74551.20880866796
5 5973196836 6 788017 = 74551.20880866796
5 4591386498 6 788017 = 99401.61174488813
5 5054525800 6 788017 = 78101.26637098193
5 1360220962 6 788017 = 71001.15124634653
5 6690777850 6 788017 = 102951.6693072021
5 7096477893 6 788017 = 74551.20880866796
5 6254838939 6 788017 = 78101.26637098193
5 6342833750 6 788017 = 88751.43905793875
0 259281 3 = 0.0
2 7 0 2 3 = 0.0
3 7 5281.000000 = -487964.3999999985
4 8057745416 7 259281 = -1332000.0
4 2103754158 7 259281 = -1332000.0
4 1385026529 7 259281 = -1332000.0
4 3814141765 7 259281 = -799200.0
4 6198735199 7 259281 = -799200.0
1 350172 7 = -238819.1073397249
5 8057745416 7 350172 = 2020562.8726545647
5 2103754158 7 350172 = 1414394.0108582005
5 1385026529 7 350172 = 1683802.39387881
5 3814141765 7 350172 = 77791.67059720308
5 6198735199 7 350172 = 74255.68557005376
0 351991 3 = 0.0
2 8 0 2 3 = 0.0
3 8 5234.000000 = -537165.4200000018
4 2635181370 8 351991 = -1332000.0
4 8290521952 8 351991 = -1332000.0
4 3839203709 8 351991 = -1332000.0
4 9424900103 8 351991 = -799200.0
4 3274294569 8 351991 = -799200.0
1 305713 8 = -434314.8975966498
5 2635181370 8 305713 = 1947498.1628969088
5 8290521952 8 305713 = 1343102.18130821
5 3839203709 8 305713 = 1343102.18130821
5 9424900103 8 305713 = 197436.02065230906
5 3274294569 8 305713 = 77564.15097054839
0 543439 3 = 0.0
2 9 0 2 3 = 0.0
3 9 5252.000000 = -488173.3999999985
4 7746705542 9 543439 = -1332000.0
4 3531884626 9 543439 = -1332000.0
4 3952052344 9 543439 = -1332000.0
4 1867461958 9 543439 = -799200.0
4 8955835841 9 543439 = -799200.0
1 515851 9 = -413828.8935952708
5 7746705542 9 515851 = 1.2865351773484007E7
5 3531884626 9 515851 = 2625277.579284847
5 3952052344 9 515851 = 2625277.579284847
5 1867461958 9 515851 = 137827.0729124546
5 8955835841 9 515851 = 162886.54071472585
0 511085 0 = 0.0
2 10 0 20 0 = 0.0
3 10 4686.000000 = -429378.1799999997
4 2711172506 10 511085 = -14531.39999999851
4 8167603395 10 511085 = -14531.39999999851
4 6641086917 10 511085 = -14531.39999999851
4 6756824228 10 511085 = -14531.39999999851
4 6349442671 10 511085 = -14531.39999999851
4 8207348009 10 511085 = -14531.39999999851
4 3373219116 10 511085 = -14531.39999999851
4 2574835026 10 511085 = -14531.39999999851
4 5634035168 10 511085 = -14531.39999999851
4 9073609966 10 511085 = -14531.39999999851
4 7476770718 10 511085 = -14531.39999999851
4 7573011806 10 511085 = -14531.39999999851
4 3195151935 10 511085 = -14531.39999999851
4 9030709277 10 511085 = -14531.39999999851
4 4529702296 10 511085 = -14531.39999999851
4 7528865970 10 511085 = -14531.39999999851
4 2433946474 10 511085 = -14531.39999999851
4 5841460822 10 511085 = -14531.39999999851
4 6875352503 10 511085 = -14531.39999999851
4 2419876935 10 511085 = -14531.39999999851
1 788381 10 = -333785.154848516
5 2711172506 10 788381 = 11746.547115400434
5 8167603395 10 788381 = 11746.547115400434
5 6641086917 10 788381 = 12305.906501859426
5 6756824228 10 788381 = 13424.62527474761
5 6349442671 10 788381 = 12305.906501859426
5 8207348009 10 788381 = 13983.984661191702
5 3373219116 10 788381 = 16221.42220698297
5 2574835026 10 788381 = 12865.265888303518
5 5634035168 10 788381 = 16780.781593441963
5 9073609966 10 788381 = 11746.547115400434
5 7476770718 10 788381 = 11746.547115400434
5 7573011806 10 788381 = 12865.265888303518
5 3195151935 10 788381 = 11746.547115400434
5 9030709277 10 788381 = 13983.984661191702
5 4529702296 10 788381 = 11187.187728956342
5 7528865970 10 788381 = 12305.906501859426
5 2433946474 10 788381 = 11746.547115400434
5 5841460822 10 788381 = 11746.547115400434
5 6875352503 10 788381 = 12865.265888303518
5 2419876935 10 788381 = 14543.344047650695
0 598330 0 = 0.0
2 11 0 12 3 = 0.0
3 11 4532.000000 = -329023.200000003
4 9822035239 11 598330 = -24219.0
4 6461932667 11 598330 = -24219.0
4 5693712597 11 598330 = -24219.0
4 8172516634 11 598330 = -14531.39999999851
4 1077981264 11 598330 = -14531.39999999851
4 2274749327 11 598330 = -14531.39999999851
4 8300490915 11 598330 = -14531.39999999851
4 3008348523 11 598330 = -14531.39999999851
4 9091345870 11 598330 = -14531.39999999851
4 1801406832 11 598330 = -14531.39999999851
4 2513105398 11 598330 = -14531.39999999851
4 4845320845 11 598330 = -14531.39999999851
4 5419014333 11 598330 = -14531.39999999851
4 9908156632 11 598330 = -14531.39999999851
4 5032070584 11 598330 = -14531.39999999851
1 831919 11 = -372509.50587263703
5 9822035239 11 831919 = 233703.13215124607
5 6461932667 11 831919 = 223080.2625080049
5 5693712597 11 831919 = 212457.39286476374
5 8172516634 11 831919 = 15057.91771928966
5 1077981264 11 831919 = 11154.013125404716
5 2274749327 11 831919 = 12827.115094214678
5 8300490915 11 831919 = 11154.013125404716
5 3008348523 11 831919 = 16173.319031834602
5 9091345870 11 831919 = 12827.115094214678
5 1801406832 11 831919 = 12827.115094214678
5 2513105398 11 831919 = 11154.013125404716
5 4845320845 11 831919 = 11711.713781669736
5 5419014333 11 831919 = 12269.414437934756
5 9908156632 11 831919 = 12827.115094214678
5 5032070584 11 831919 = 11711.713781669736
0 470667 3 = 0.0
2 12 0 2 3 = 0.0
3 12 5163.000000 = -490123.5900000036
4 7285447897 12 470667 = -1332000.0
4 6254453808 12 470667 = -1332000.0
4 9064662343 12 470667 = -1332000.0
4 3769638315 12 470667 = -799200.0
4 1060878020 12 470667 = -799200.0
1 382933 12 = -486462.7187108025
5 7285447897 12 382933 = 2710205.0135549605
5 6254453808 12 382933 = 2592370.0129656196
5 9064662343 12 382933 = 2592370.0129656196
5 3769638315 12 382933 = 346434.9017326832
5 1060878020 12 382933 = 329938.0016501695
0 417234 3 = 0.0
2 13 0 10 0 = 0.0
3 13 5255.000000 = -408681.3500000015
4 5540748867 13 417234 = -799200.0
4 4502002258 13 417234 = -799200.0
4 1971345805 13 417234 = -799200.0
4 6054647537 13 417234 = -799200.0
4 8987174836 13 417234 = -799200.0
4 3050103761 13 417234 = -799200.0
4 7494869144 13 417234 = -799200.0
4 5003394588 13 417234 = -799200.0
4 2625529433 13 417234 = -799200.0
4 7503294730 13 417234 = -799200.0
1 595130 13 = -337486.92637595534
5 5540748867 13 595130 = 72970.0752544254
5 4502002258 13 595130 = 72970.0752544254
5 1971345805 13 595130 = 79919.6062310338
5 6054647537 13 595130 = 79919.6062310338
5 8987174836 13 595130 = 72970.0752544254
5 3050103761 13 595130 = 76444.84074272215
5 7494869144 13 595130 = 97293.43367256224
5 5003394588 13 595130 = 72970.0752544254
5 2625529433 13 595130 = 79919.6062310338
5 7503294730 13 595130 = 72970.0752544254
0 746892 3 = 0.0
2 14 0 2 3 = 0.0
3 14 5133.000000 = -492357.3599999994
4 1632631670 14 746892 = -1332000.0
4 7952600644 14 746892 = -1332000.0
4 8009918463 14 746892 = -1332000.0
4 5816777833 14 746892 = -799200.0
4 2613652527 14 746892 = -799200.0
1 296168 14 = -425333.416774109
5 1632631670 14 296168 = 1648695.9520008564
5 7952600644 14 296168 = 1384904.5996807218
5 8009918463 14 296168 = 1846539.4662409574
5 5816777833 14 296168 = 230817.43328012526
5 2613652527 14 296168 = 203119.34128651023
0 951649 3 = 0.0
2 15 0 2 3 = 0.0
3 15 5105.000000 = -425093.34999999404
4 3292539961 15 951649 = -1332000.0
4 2492871181 15 951649 = -1332000.0
4 9808569832 15 951649 = -1332000.0
4 9018488205 15 951649 = -799200.0
4 4608532669 15 951649 = -799200.0
1 476430 15 = -441009.35446856916
5 3292539961 15 476430 = 2453564.4658993185
5 2492871181 15 476430 = 2687237.272175446
5 9808569832 15 476430 = 2453564.4658993185
5 9018488205 15 476430 = 128812.13445971906
5 4608532669 15 476430 = 134946.04562446475
0 643240 3 = 0.0
2 16 0 2 3 = 0.0
3 16 5089.000000 = -462386.54000000656
4 6839394780 16 643240 = -1332000.0
4 5559425939 16 643240 = -1332000.0
4 8075087973 16 643240 = -1332000.0
4 2047069191 16 643240 = -799200.0
4 3338503916 16 643240 = -799200.0
1 805682 16 = -329636.7825189978
5 6839394780 16 805682 = 2450182.406009808
5 5559425939 16 805682 = 2566857.758676946
5 8075087973 16 805682 = 2333507.05334267
5 2047069191 16 805682 = 128634.5763155222
5 3338503916 16 805682 = 128634.5763155222
0 388641 0 = 0.0
2 17 0 12 3 = 0.0
3 17 4417.000000 = -387724.26000000536
4 2352505428 17 388641 = -24219.0
4 4159324989 17 388641 = -24219.0
4 5161664745 17 388641 = -24219.0
4 5818393792 17 388641 = -14531.40000000596
4 6855730363 17 388641 = -14531.40000000596
4 5498913243 17 388641 = -14531.40000000596
4 6693701338 17 388641 = -14531.40000000596
4 8142180711 17 388641 = -14531.40000000596
4 8191294486 17 388641 = -14531.40000000596
4 4324037000 17 388641 = -14531.40000000596
4 7216188457 17 388641 = -14531.40000000596
4 2372125016 17 388641 = -14531.40000000596
4 3749921729 17 388641 = -14531.40000000596
4 9382189931 17 388641 = -14531.40000000596
4 2886078034 17 388641 = -14531.40000000596
1 715983 17 = -380118.585562855
5 2352505428 17 715983 = 219975.16988143325
5 4159324989 17 715983 = 251400.19415020943
5 5161664745 17 715983 = 209500.16179183125
5 5818393792 17 715983 = 10998.758494064212
5 6855730363 17 715983 = 13198.510192885995
5 5498913243 17 715983 = 12098.634343475103
5 6693701338 17 715983 = 11548.696418777108
5 8142180711 17 715983 = 11548.696418777108
5 8191294486 17 715983 = 11548.696418777108
5 4324037000 17 715983 = 13748.44811758399
5 7216188457 17 715983 = 12098.634343475103
5 2372125016 17 715983 = 11548.696418777108
5 3749921729 17 715983 = 13198.510192885995
5 9382189931 17 715983 = 11548.696418777108
5 2886078034 17 715983 = 12098.634343475103
0 331345 0 = 0.0
2 18 1 17 1 = 0.0
3 18 4830.000000 = -505797.59999999404
4 3332267675 18 331345 = -24219.0
4 7319022653 18 331345 = -14531.40000000596
4 9063779383 18 331345 = -14531.40000000596
4 7988954164 18 331345 = -14531.40000000596
4 8360436813 18 331345 = -14531.40000000596
4 1432615234 18 331345 = -14531.40000000596
4 9977290882 18 331345 = -14531.40000000596
4 3798377044 18 331345 = -14531.40000000596
4 4968297496 18 331345 = -14531.40000000596
4 3647711035 18 331345 = -14531.40000000596
4 7654552683 18 331345 = -14531.40000000596
4 1306902459 18 331345 = -14531.40000000596
4 6444245114 18 331345 = -14531.40000000596
4 1533871364 18 331345 = -14531.40000000596
4 1567951644 18 331345 = -14531.40000000596
4 4451462461 18 331345 = -14531.40000000596
4 5502619530 18 331345 = -14531.40000000596
4 5553313659 18 331345 = -14531.40000000596
1 683965 18 = -524853.4298692942
5 3332267675 18 683965 = 226152.47294428945
5 7319022653 18 683965 = 13003.76719430089
5 9063779383 18 683965 = 11873.004829570651
5 7988954164 18 683965 = 13003.76719430089
5 8360436813 18 683965 = 11873.004829570651
5 1432615234 18 683965 = 12438.386011943221
5 9977290882 18 683965 = 13003.76719430089
5 3798377044 18 683965 = 14699.910741373897
5 4968297496 18 683965 = 13569.148376658559
5 3647711035 18 683965 = 12438.386011943221
5 7654552683 18 683965 = 11307.623647212982
5 1306902459 18 683965 = 12438.386011943221
5 6444245114 18 683965 = 12438.386011943221
5 1533871364 18 683965 = 13569.148376658559
5 1567951644 18 683965 = 13569.148376658559
5 4451462461 18 683965 = 11873.004829570651
5 5502619530 18 683965 = 11873.004829570651
5 5553313659 18 683965 = 11307.623647212982
0 871466 0 = 0.0
2 19 0 12 3 = 0.0
3 19 4297.000000 = -324724.29000000656
4 5642212915 19 871466 = -24219.0
4 2535358917 19 871466 = -24219.0
4 4514738748 19 871466 = -24219.0
4 8796472395 19 871466 = -14531.40000000596
4 6264345448 19 871466 = -14531.40000000596
4 5981389462 19 871466 = -14531.40000000596
4 3368510168 19 871466 = -14531.40000000596
4 8078152029 19 871466 = -14531.40000000596
4 7115235901 19 871466 = -14531.40000000596
4 5035795470 19 871466 = -14531.40000000596
4 1780475998 19 871466 = -14531.40000000596
4 9729739705 19 871466 = -14531.40000000596
4 9640081627 19 871466 = -14531.40000000596
4 6060820245 19 871466 = -14531.40000000596
4 6991067368 19 871466 = -14531.40000000596
1 704432 19 = -376810.984586969
5 5642212915 19 704432 = 301739.33262756467
5 2535358917 19 704432 = 301739.33262756467
5 4514738748 19 704432 = 218500.89604064822
5 8796472395 19 704432 = 13110.053762435913
5 6264345448 19 704432 = 10925.044802039862
5 5981389462 19 704432 = 12017.549282237887
5 3368510168 19 704432 = 12563.80152234435
5 8078152029 19 704432 = 15841.314962953329
5 7115235901 19 704432 = 12017.549282237887
5 5035795470 19 704432 = 10925.044802039862
5 1780475998 19 704432 = 15295.062722846866
5 9729739705 19 704432 = 10925.044802039862
5 9640081627 19 704432 = 10925.044802039862
5 6060820245 19 704432 = 11471.297042131424
5 6991067368 19 704432 = 10925.044802039862
0 266379 0 = 0.0
2 20 0 20 0 = 0.0
3 20 4365.000000 = -466705.799999997
4 3246780806 20 266379 = -14531.40000000596
4 6131092342 20 266379 = -14531.40000000596
4 9358876611 20 266379 = -14531.40000000596
4 2899693282 20 266379 = -14531.40000000596
4 3160009241 20 266379 = -14531.40000000596
4 9733718122 20 266379 = -14531.40000000596
4 3236660399 20 266379 = -14531.40000000596
4 9432913009 20 266379 = -14531.40000000596
4 6915473510 20 266379 = -14531.40000000596
4 1185588939 20 266379 = -14531.40000000596
4 5236857415 20 266379 = -14531.40000000596
4 8943455076 20 266379 = -14531.40000000596
4 7540302103 20 266379 = -14531.40000000596
4 1360672153 20 266379 = -14531.40000000596
4 5800316733 20 266379 = -14531.40000000596
4 3888970571 20 266379 = -14531.40000000596
4 2535857065 20 266379 = -14531.40000000596
4 6011158751 20 266379 = -14531.40000000596
4 2665495104 20 266379 = -14531.40000000596
4 1358202454 20 266379 = -14531.40000000596
1 619369 20 = -507952.34666100144
5 3246780806 20 619369 = 11457.572699815035
5 6131092342 20 619369 = 15822.362299740314
5 9358876611 20 619369 = 11457.572699815035
5 2899693282 20 619369 = 13639.967499777675
5 3160009241 20 619369 = 10911.9739998281
5 9733718122 20 619369 = 12003.17139980197
5 3236660399 20 619369 = 13094.36879979074
5 9432913009 20 619369 = 16367.96099974215
5 6915473510 20 619369 = 10911.9739998281
5 1185588939 20 619369 = 10911.9739998281
5 5236857415 20 619369 = 11457.572699815035
5 8943455076 20 619369 = 12003.17139980197
5 7540302103 20 619369 = 14731.164899766445
5 1360672153 20 619369 = 10911.9739998281
5 5800316733 20 619369 = 10911.9739998281
5 3888970571 20 619369 = 10911.9739998281
5 2535857065 20 619369 = 11457.572699815035
5 6011158751 20 619369 = 12003.17139980197
5 2665495104 20 619369 = 12003.17139980197
5 1358202454 20 619369 = 10911.9739998281
0 540704 3 = 0.0
2 21 0 2 3 = 0.0
3 21 5067.000000 = -379011.59999999404
4 8514886575 21 540704 = -1332000.0
4 1336012464 21 540704 = -1332000.0
4 4113233683 21 540704 = -1332000.0
4 1482310415 21 540704 = -799200.0
4 1605584823 21 540704 = -799200.0
1 765547 21 = -387993.1457362175
5 8514886575 21 765547 = 1.1352880569585145E7
5 1336012464 21 765547 = 1.0812267209128708E7
5 4113233683 21 765547 = 2537278.705075532
5 1482310415 21 765547 = 387511.6567751765
5 1605584823 21 765547 = 133207.13201647997
0 681178 0 = 0.0
2 22 0 12 3 = 0.0
3 22 4250.000000 = -296395.0
4 4412025682 22 681178 = -24219.0
4 2031303332 22 681178 = -24219.0
4 5947186080 22 681178 = -24219.0
4 9529878536 22 681178 = -14531.40000000596
4 9338195080 22 681178 = -14531.40000000596
4 6855526536 22 681178 = -14531.40000000596
4 9587088251 22 681178 = -14531.40000000596
4 5990907148 22 681178 = -14531.40000000596
4 7914250144 22 681178 = -14531.40000000596
4 2704114481 22 681178 = -14531.40000000596
4 3681064309 22 681178 = -14531.40000000596
4 2575901079 22 681178 = -14531.40000000596
4 1800127866 22 681178 = -14531.40000000596
4 1050807952 22 681178 = -14531.40000000596
4 3665236040 22 681178 = -14531.40000000596
1 776042 22 = -353960.2297102511
5 4412025682 22 776042 = 145883.7493866384
5 2031303332 22 776042 = 134213.04943570495
5 5947186080 22 776042 = 122542.34948477149
5 9529878536 22 776042 = 6433.473347961903
5 9338195080 22 776042 = 6433.473347961903
5 6855526536 22 776042 = 6433.473347961903
5 9587088251 22 776042 = 8577.964463949203
5 5990907148 22 776042 = 7046.185095369816
5 7914250144 22 776042 = 6739.829221665859
5 2704114481 22 776042 = 6433.473347961903
5 3681064309 22 776042 = 7965.252716511488
5 2575901079 22 776042 = 6433.473347961903
5 1800127866 22 776042 = 6127.117474228144
5 1050807952 22 776042 = 6739.829221665859
5 3665236040 22 776042 = 6127.117474228144
0 933706 0 = 0.0
2 23 1 9 4 = 0.0
3 23 4555.000000 = -307143.65000000596
4 9032624235 23 933706 = -24219.0
4 5978422818 23 933706 = -24219.0
4 1621273614 23 933706 = -24219.0
4 9309386282 23 933706 = -24219.0
4 4253191042 23 933706 = -14531.40000000596
4 8208862027 23 933706 = -14531.40000000596
4 3726451224 23 933706 = -14531.40000000596
4 8887182258 23 933706 = -14531.40000000596
4 7395816689 23 933706 = -14531.40000000596
4 8696222847 23 933706 = -14531.40000000596
4 7164465956 23 933706 = -14531.40000000596
4 3317457291 23 933706 = -14531.40000000596
4 1275905588 23 933706 = -14531.40000000596
1 587655 23 = -394233.00440232456
5 9032624235 23 587655 = 287304.7719515562
5 5978422818 23 587655 = 234100.18455311656
5 1621273614 23 587655 = 223459.26707345247
5 9309386282 23 587655 = 223459.26707345247
5 4253191042 23 587655 = 11731.611521363258
5 8208862027 23 587655 = 12290.259689033031
5 3726451224 23 587655 = 12290.259689033031
5 8887182258 23 587655 = 11731.611521363258
5 7395816689 23 587655 = 11172.963353663683
5 8696222847 23 587655 = 16200.79686281085
5 7164465956 23 587655 = 11172.963353663683
5 3317457291 23 587655 = 12290.259689033031
5 1275905588 23 587655 = 12290.259689033031
0 944424 0 = 0.0
2 24 2 14 2 = 0.0
3 24 5115.000000 = -555335.549999997
4 6857503344 24 944424 = -24219.0
4 6479480655 24 944424 = -24219.0
4 5744996462 24 944424 = -14531.40000000596
4 3704795867 24 944424 = -14531.40000000596
4 7403774292 24 944424 = -14531.40000000596
4 8059685496 24 944424 = -14531.40000000596
4 5842272786 24 944424 = -14531.40000000596
4 7635970841 24 944424 = -14531.40000000596
4 9734273652 24 944424 = -14531.40000000596
4 1937098553 24 944424 = -14531.40000000596
4 9464936053 24 944424 = -14531.40000000596
4 6766955270 24 944424 = -14531.40000000596
4 8015396254 24 944424 = -14531.40000000596
4 1826498239 24 944424 = -14531.40000000596
4 5742854191 24 944424 = -14531.40000000596
4 7688223789 24 944424 = -14531.40000000596
1 270901 24 = -375036.6796569973
5 6857503344 24 270901 = 123808.81463763118
5 6479480655 24 270901 = 136189.69610139728
5 5744996462 24 270901 = 6824.960906893015
5 3704795867 24 270901 = 6824.960906893015
5 7403774292 24 270901 = 6499.9627684652805
5 8059685496 24 270901 = 7149.959045320749
5 5842272786 24 270901 = 7149.959045320749
5 7635970841 24 270901 = 6824.960906893015
5 9734273652 24 270901 = 7474.957183748484
5 1937098553 24 270901 = 6824.960906893015
5 9464936053 24 270901 = 7474.957183748484
5 6766955270 24 270901 = 6824.960906893015
5 8015396254 24 270901 = 7149.959045320749
5 1826498239 24 270901 = 7149.959045320749
5 5742854191 24 270901 = 9424.946014285088
5 7688223789 24 270901 = 7799.955322176218
0 149602 3 = 0.0
2 25 0 10 0 = 0.0
3 25 5052.000000 = -514041.0
4 6200538514 25 149602 = -799200.0
4 1559583999 25 149602 = -799200.0
4 9464826421 25 149602 = -799200.0
4 6575176700 25 149602 = -799200.0
4 1809551309 25 149602 = -799200.0
4 4886274852 25 149602 = -799200.0
4 9876420252 25 149602 = -799200.0
4 3035637954 25 149602 = -799200.0
4 2517294137 25 149602 = -799200.0
4 5073436764 25 149602 = -799200.0
1 323398 25 = -496681.3970874101
5 6200538514 25 323398 = 84216.04408374429
5 1559583999 25 323398 = 67372.83526700735
5 9464826421 25 323398 = 74110.11879369617
5 6575176700 25 323398 = 74110.11879369617
5 1809551309 25 323398 = 74110.11879369617
5 4886274852 25 323398 = 74110.11879369617
5 9876420252 25 323398 = 67372.83526700735
5 3035637954 25 323398 = 70741.47703033686
5 2517294137 25 323398 = 74110.11879369617
5 5073436764 25 323398 = 70741.47703033686
0 377465 3 = 0.0
2 26 1 7 1 = 0.0
3 26 5495.000000 = -462404.25
4 1902221011 26 377465 = -1332000.0
4 6700857711 26 377465 = -799200.0
4 7149507633 26 377465 = -799200.0
4 6122657511 26 377465 = -799200.0
4 1731814692 26 377465 = -799200.0
4 8252622795 26 377465 = -799200.0
4 7615074256 26 377465 = -799200.0
4 9736729709 26 377465 = -799200.0
1 511386 26 = -510994.6907865554
5 1902221011 26 511386 = 3544126.781576246
5 6700857711 26 511386 = 166818.38127073646
5 7149507633 26 511386 = 128321.83174672723
5 6122657511 26 511386 = 141154.01492139697
5 1731814692 26 511386 = 166818.38127073646
5 8252622795 26 511386 = 141154.01492139697
5 7615074256 26 511386 = 134737.9233340621
5 9736729709 26 511386 = 134737.9233340621
0 816475 0 = 0.0
2 27 1 17 1 = 0.0
3 27 4592.000000 = -474812.799999997
4 7966629150 27 816475 = -24219.0
4 5582058685 27 816475 = -14531.40000000596
4 7496686811 27 816475 = -14531.40000000596
4 6571646378 27 816475 = -14531.40000000596
4 9384438085 27 816475 = -14531.40000000596
4 9085393812 27 816475 = -14531.40000000596
4 5894132595 27 816475 = -14531.40000000596
4 7188732509 27 816475 = -14531.40000000596
4 5601379318 27 816475 = -14531.40000000596
4 2423187008 27 816475 = -14531.40000000596
4 2334708999 27 816475 = -14531.40000000596
4 1006353354 27 816475 = -14531.40000000596
4 6383848117 27 816475 = -14531.40000000596
4 6355250417 27 816475 = -14531.40000000596
4 6124866384 27 816475 = -14531.40000000596
4 7017682448 27 816475 = -14531.40000000596
4 6672197099 27 816475 = -14531.40000000596
4 6744900187 27 816475 = -14531.40000000596
1 937320 27 = -559067.2918625027
5 7966629150 27 937320 = 166955.01160144806
5 5582058685 27 937320 = 6573.853581815958
5 7496686811 27 937320 = 6260.812935054302
5 6571646378 27 937320 = 7199.934875309467
5 9384438085 27 937320 = 7512.975522071123
5 9085393812 27 937320 = 8139.056815564632
5 5894132595 27 937320 = 6573.853581815958
5 7188732509 27 937320 = 6886.8942285478115
5 5601379318 27 937320 = 7826.016168832779
5 2423187008 27 937320 = 6573.853581815958
5 2334708999 27 937320 = 6573.853581815958
5 1006353354 27 937320 = 7199.934875309467
5 6383848117 27 937320 = 6886.8942285478115
5 6355250417 27 937320 = 6573.853581815958
5 6124866384 27 937320 = 6573.853581815958
5 7017682448 27 937320 = 6886.8942285478115
5 6672197099 27 937320 = 6886.8942285478115
5 6744900187 27 937320 = 7199.934875309467
0 102403 3 = 0.0
2 28 0 10 0 = 0.0
3 28 5066.000000 = -388967.4800000042
4 2667369724 28 102403 = -799200.0
4 8364957334 28 102403 = -799200.0
4 9830924275 28 102403 = -799200.0
4 8304347882 28 102403 = -799200.0
4 3208364329 28 102403 = -799200.0
4 4837791299 28 102403 = -799200.0
4 2219294830 28 102403 = -799200.0
4 1725372642 28 102403 = -799200.0
4 9620995903 28 102403 = -799200.0
4 4369151520 28 102403 = -799200.0
1 144043 28 = -354071.82714919746
5 2667369724 28 144043 = 125471.54425024986
5 8364957334 28 144043 = 161320.55689316988
5 9830924275 28 144043 = 131446.37969073653
5 8304347882 28 144043 = 131446.37969073653
5 3208364329 28 144043 = 155345.7214526832
5 4837791299 28 144043 = 119496.7088097632
5 2219294830 28 144043 = 119496.7088097632
5 1725372642 28 144043 = 161320.55689316988
5 9620995903 28 144043 = 131446.37969073653
5 4369151520 28 144043 = 155345.7214526832
0 430336 3 = 0.0
2 29 0 10 0 = 0.0
3 29 5054.000000 = -439192.59999999404
4 1500681074 29 430336 = -799200.0
4 6366293877 29 430336 = -799200.0
4 1370619315 29 430336 = -799200.0
4 2550971407 29 430336 = -799200.0
4 6287618773 29 430336 = -799200.0
4 8011518873 29 430336 = -799200.0
4 3247060373 29 430336 = -799200.0
4 8257628690 29 430336 = -799200.0
4 9403434567 29 430336 = -799200.0
4 8661393017 29 430336 = -799200.0
1 812384 29 = -432956.3627972305
5 1500681074 29 812384 = 73880.01496821642
5 6366293877 29 812384 = 73880.01496821642
5 1370619315 29 812384 = 80596.37996533513
5 2550971407 29 812384 = 73880.01496821642
5 6287618773 29 812384 = 67163.64997112751
5 8011518873 29 812384 = 70521.83246967196
5 3247060373 29 812384 = 100745.47495666146
5 8257628690 29 812384 = 70521.83246967196
5 9403434567 29 812384 = 70521.83246967196
5 8661393017 29 812384 = 70521.83246967196
13494721.844100 = 0.0
