0 674843 3 = 0.0
2 0 0 2 3 = 0.0
3 0 5474.000000 = -496765.5
4 2953500571 0 674843 = -1575000.0
4 6744452748 0 674843 = -1575000.0
4 6894822741 0 674843 = -1575000.0
4 6086365050 0 674843 = -945000.0
4 1462799608 0 674843 = -945000.0
1 387997 0 = -249948.97715545725
5 2953500571 0 387997 = 1.2087286607639946E7
5 6744452748 0 387997 = 2701412.625961436
5 6894822741 0 387997 = 2578621.142963187
5 6086365050 0 387997 = 412579.38287410885
5 1462799608 0 387997 = 343816.15239509195
0 727361 3 = 0.0
2 1 0 10 0 = 0.0
3 1 5518.000000 = -500151.51999999955
4 8731495539 1 727361 = -945000.0
4 9864535016 1 727361 = -945000.0
4 9951665470 1 727361 = -945000.0
4 9469541452 1 727361 = -945000.0
4 2199643443 1 727361 = -945000.0
4 5211796622 1 727361 = -945000.0
4 6556579572 1 727361 = -945000.0
4 9117718860 1 727361 = -945000.0
4 3957211109 1 727361 = -945000.0
4 8330737348 1 727361 = -945000.0
1 371196 1 = -249305.8079248555
5 8731495539 1 371196 = 75503.84745622054
5 9864535016 1 371196 = 71908.42614877969
5 9951665470 1 371196 = 75503.84745622054
5 9469541452 1 371196 = 71908.42614877969
5 2199643443 1 371196 = 75503.84745622054
5 5211796622 1 371196 = 75503.84745622054
5 6556579572 1 371196 = 79099.26876365766
5 9117718860 1 371196 = 71908.42614877969
5 3957211109 1 371196 = 79099.26876365766
5 8330737348 1 371196 = 79099.26876365766
0 188280 0 = 0.0
2 2 0 20 0 = 0.0
3 2 5109.000000 = -344499.87000000104
4 8980421444 2 188280 = -15843.60000000149
4 2539972964 2 188280 = -15843.60000000149
4 9032346712 2 188280 = -15843.60000000149
4 4024874465 2 188280 = -15843.60000000149
4 8599604378 2 188280 = -15843.60000000149
4 6041987643 2 188280 = -15843.60000000149
4 1442079196 2 188280 = -15843.60000000149
4 4487560022 2 188280 = -15843.60000000149
4 8898015851 2 188280 = -15843.60000000149
4 1481903201 2 188280 = -15843.60000000149
4 9299807350 2 188280 = -15843.60000000149
4 3746939154 2 188280 = -15843.60000000149
4 5675056142 2 188280 = -15843.60000000149
4 4452227377 2 188280 = -15843.60000000149
4 2118466620 2 188280 = -15843.60000000149
4 5374168111 2 188280 = -15843.60000000149
4 7025426995 2 188280 = -15843.60000000149
4 6282568419 2 188280 = -15843.60000000149
4 1500910058 2 188280 = -15843.60000000149
4 2268852637 2 188280 = -15843.60000000149
1 837165 2 = -390693.7470554337
5 8980421444 2 837165 = 7113.4359359666705
5 2539972964 2 837165 = 8083.449927236885
5 9032346712 2 837165 = 7113.4359359666705
5 4024874465 2 837165 = 6790.097938880324
5 8599604378 2 837165 = 6790.097938880324
5 6041987643 2 837165 = 6790.097938880324
5 1442079196 2 837165 = 6790.097938880324
5 4487560022 2 837165 = 7113.4359359666705
5 8898015851 2 837165 = 6790.097938880324
5 1481903201 2 837165 = 9053.463918503374
5 9299807350 2 837165 = 6790.097938880324
5 3746939154 2 837165 = 6790.097938880324
5 5675056142 2 837165 = 6466.759941790253
5 4452227377 2 837165 = 6790.097938880324
5 2118466620 2 837165 = 8406.787924326956
5 5374168111 2 837165 = 7436.773933056742
5 7025426995 2 837165 = 6466.759941790253
5 6282568419 2 837165 = 7760.111930146813
5 1500910058 2 837165 = 7436.773933056742
5 2268852637 2 837165 = 6790.097938880324
0 301393 3 = 0.0
2 3 0 10 0 = 0.0
3 3 5472.000000 = -501399.3599999994
4 3857492974 3 301393 = -945000.0
4 6551887496 3 301393 = -945000.0
4 9293108215 3 301393 = -945000.0
4 6796252967 3 301393 = -945000.0
4 1359538490 3 301393 = -945000.0
4 4319874895 3 301393 = -945000.0
4 3221987913 3 301393 = -945000.0
4 2001499418 3 301393 = -945000.0
4 3896781337 3 301393 = -945000.0
4 1049044197 3 301393 = -945000.0
1 375719 3 = -372777.3602527939
5 3857492974 3 375719 = 146413.21796761453
5 6551887496 3 375719 = 146413.21796761453
5 9293108215 3 375719 = 152779.01005316153
5 6796252967 3 375719 = 133681.6337965168
5 1359538490 3 375719 = 133681.6337965168
5 4319874895 3 375719 = 146413.21796761453
5 3221987913 3 375719 = 152779.01005316153
5 2001499418 3 375719 = 133681.6337965168
5 3896781337 3 375719 = 140047.42588206753
5 1049044197 3 375719 = 165510.59422425926
0 535896 0 = 0.0
2 4 0 12 3 = 0.0
3 4 4933.000000 = -510614.8299999982
4 5408229064 4 535896 = -26406.0
4 2034666936 4 535896 = -26406.0
4 4161272211 4 535896 = -26406.0
4 4328930820 4 535896 = -15843.60000000149
4 7732705004 4 535896 = -15843.60000000149
4 4895282118 4 535896 = -15843.60000000149
4 2149429304 4 535896 = -15843.60000000149
4 2235804027 4 535896 = -15843.60000000149
4 2221479479 4 535896 = -15843.60000000149
4 5829611280 4 535896 = -15843.60000000149
4 7868838769 4 535896 = -15843.60000000149
4 1991520456 4 535896 = -15843.60000000149
4 2345801044 4 535896 = -15843.60000000149
4 7694634506 4 535896 = -15843.60000000149
4 4871998628 4 535896 = -15843.60000000149
1 609635 4 = -264406.0291527733
5 5408229064 4 609635 = 217870.45031464845
5 2034666936 4 609635 = 217870.45031464845
5 4161272211 4 609635 = 272338.0628933087
5 4328930820 4 609635 = 12582.01850567013
5 7732705004 4 609635 = 12582.01850567013
5 4895282118 4 609635 = 11438.198641519994
5 2149429304 4 609635 = 13725.838369823992
5 2235804027 4 609635 = 11438.198641519994
5 2221479479 4 609635 = 12582.01850567013
5 5829611280 4 609635 = 12582.01850567013
5 7868838769 4 609635 = 12582.01850567013
5 1991520456 4 609635 = 14869.658233974129
5 2345801044 4 609635 = 12010.1085735932
5 7694634506 4 609635 = 13153.928437747061
5 4871998628 4 609635 = 14297.748301897198
0 395454 3 = 0.0
2 5 0 2 3 = 0.0
3 5 5339.000000 = -450451.4299999997
4 2344736253 5 395454 = -1575000.0
4 5631644667 5 395454 = -1574999.9999999963
4 1038725248 5 395454 = -1575000.0
4 4020060561 5 395454 = -945000.0
4 6847104014 5 395454 = -945000.0
1 298041 5 = -370905.6681552902
5 2344736253 5 298041 = 2773507.5698957257
5 5631644667 5 298041 = 2652920.2842480876
5 1038725248 5 298041 = 2652920.2842480876
5 4020060561 5 298041 = 139278.31492302567
5 6847104014 5 298041 = 139278.31492302567
0 652730 3 = 0.0
2 6 0 2 3 = 0.0
3 6 5289.000000 = -411325.5300000012
4 8135892682 6 652730 = -1575000.0
4 7084053529 6 652730 = -1575000.0
4 6703950278 6 652730 = -1575000.0
4 2017773127 6 652730 = -945000.0
4 9840451724 6 652730 = -945000.0
1 676593 6 = -327453.88380857557
5 8135892682 6 676593 = 2409677.896583125
5 7084053529 6 676593 = 2530161.7914122865
5 6703950278 6 676593 = 2771129.5810705945
5 2017773127 6 676593 = 158135.11196326464
5 9840451724 6 676593 = 132833.49404914677
0 420113 0 = 0.0
2 7 0 20 0 = 0.0
3 7 4952.000000 = -469003.9200000018
4 8177503086 7 420113 = -15843.60000000149
4 7434049820 7 420113 = -15843.60000000149
4 4245122829 7 420113 = -15843.60000000149
4 7459533969 7 420113 = -15843.60000000149
4 9274381014 7 420113 = -15843.60000000149
4 2736607035 7 420113 = -15843.60000000149
4 4879335071 7 420113 = -15843.60000000149
4 7938718591 7 420113 = -15843.60000000149
4 8106526069 7 420113 = -15843.60000000149
4 4358224709 7 420113 = -15843.60000000149
4 6217688590 7 420113 = -15843.60000000149
4 6139962734 7 420113 = -15843.60000000149
4 3560786599 7 420113 = -15843.60000000149
4 5593751538 7 420113 = -15843.60000000149
4 3054969997 7 420113 = -15843.60000000149
4 4459674480 7 420113 = -15843.60000000149
4 1810191175 7 420113 = -15843.60000000149
4 3558715582 7 420113 = -15843.60000000149
4 4497413304 7 420113 = -15843.60000000149
4 6057564599 7 420113 = -15843.60000000149
1 101945 7 = -335062.34036526084
5 8177503086 7 101945 = 6720.8338194713
5 7434049820 7 101945 = 6720.8338194713
5 4245122829 7 101945 = 7360.913230851293
5 7459533969 7 101945 = 7360.913230851293
5 9274381014 7 101945 = 7040.873525165021
5 2736607035 7 101945 = 7040.873525165021
5 4879335071 7 101945 = 7040.873525165021
5 7938718591 7 101945 = 7360.913230851293
5 8106526069 7 101945 = 6720.8338194713
5 4358224709 7 101945 = 8961.11175929755
5 6217688590 7 101945 = 6720.8338194713
5 6139962734 7 101945 = 6720.8338194713
5 3560786599 7 101945 = 6720.8338194713
5 5593751538 7 101945 = 6720.8338194713
5 3054969997 7 101945 = 7360.913230851293
5 4459674480 7 101945 = 7360.913230851293
5 1810191175 7 101945 = 6400.7941137850285
5 3558715582 7 101945 = 8641.072053611279
5 4497413304 7 101945 = 7680.952936545014
5 6057564599 7 101945 = 7040.873525165021
0 445712 0 = 0.0
2 8 1 17 1 = 0.0
3 8 5261.000000 = -548617.0799999982
4 3948520768 8 445712 = -26406.0
4 2659885192 8 445712 = -15843.60000000149
4 8309042499 8 445712 = -15843.60000000149
4 1983457852 8 445712 = -15843.60000000149
4 6976507871 8 445712 = -15843.60000000149
4 6417697460 8 445712 = -15843.60000000149
4 4753983262 8 445712 = -15843.60000000149
4 8121764424 8 445712 = -15843.60000000149
4 5064722307 8 445712 = -15843.60000000149
4 6127141698 8 445712 = -15843.60000000149
4 3020369543 8 445712 = -15843.60000000149
4 1223614058 8 445712 = -15843.60000000149
4 1888075279 8 445712 = -15843.60000000149
4 2548245352 8 445712 = -15843.60000000149
4 3346878431 8 445712 = -15843.60000000149
4 7935379035 8 445712 = -15843.60000000149
4 7809463249 8 445712 = -15843.60000000149
4 4936525975 8 445712 = -15843.60000000149
1 809078 8 = -352965.26826785505
5 3948520768 8 809078 = 232049.02156935632
5 2659885192 8 809078 = 12762.696186311543
5 8309042499 8 809078 = 11602.451078467071
5 1983457852 8 809078 = 12182.573632389307
5 6976507871 8 809078 = 12182.573632389307
5 6417697460 8 809078 = 12182.573632389307
5 4753983262 8 809078 = 13342.81874024123
5 8121764424 8 809078 = 12762.696186311543
5 5064722307 8 809078 = 11602.451078467071
5 6127141698 8 809078 = 16823.554063774645
5 3020369543 8 809078 = 12182.573632389307
5 1223614058 8 809078 = 12182.573632389307
5 1888075279 8 809078 = 13342.81874024123
5 2548245352 8 809078 = 12762.696186311543
5 3346878431 8 809078 = 12762.696186311543
5 7935379035 8 809078 = 16243.43150985241
5 7809463249 8 809078 = 11602.451078467071
5 4936525975 8 809078 = 12762.696186311543
0 910451 3 = 0.0
2 9 0 2 3 = 0.0
3 9 5134.000000 = -470993.1599999964
4 5810380400 9 910451 = -1575000.0
4 3884922130 9 910451 = -1575000.0
4 2153431391 9 910451 = -1575000.0
4 3277052615 9 910451 = -945000.0
4 8094724216 9 910451 = -945000.0
1 860264 9 = -277363.9427966103
5 5810380400 9 860264 = 6523221.451162994
5 3884922130 9 860264 = 1391620.576248102
5 2153431391 9 860264 = 1391620.576248102
5 3277052615 9 860264 = 204104.35118305683
5 8094724216 9 860264 = 73060.08025302738
0 218554 0 = 0.0
2 10 0 20 0 = 0.0
3 10 4607.000000 = -366394.7100000009
4 2351138850 10 218554 = -15843.60000000149
4 2979712386 10 218554 = -15843.60000000149
4 7887171130 10 218554 = -15843.60000000149
4 9623589817 10 218554 = -15843.60000000149
4 8114454913 10 218554 = -15843.60000000149
4 3736490651 10 218554 = -15843.60000000149
4 6680562807 10 218554 = -15843.60000000149
4 6056857948 10 218554 = -15843.60000000149
4 5834440610 10 218554 = -15843.60000000149
4 7234339156 10 218554 = -15843.60000000149
4 2155562515 10 218554 = -15843.60000000149
4 7839191339 10 218554 = -15843.60000000149
4 8914980130 10 218554 = -15843.60000000149
4 7655426265 10 218554 = -15843.60000000149
4 8493911261 10 218554 = -15843.60000000149
4 6813146754 10 218554 = -15843.60000000149
4 3818310450 10 218554 = -15843.60000000149
4 8735368719 10 218554 = -15843.60000000149
4 5127500597 10 218554 = -15843.60000000149
4 1164638149 10 218554 = -15843.60000000149
1 452798 10 = -429860.97800894827
5 2351138850 10 452798 = 11121.967176623642
5 2979712386 10 452798 = 12234.163894288242
5 7887171130 10 452798 = 11121.967176623642
5 9623589817 10 452798 = 12234.163894288242
5 8114454913 10 452798 = 11678.065535455942
5 3736490651 10 452798 = 12790.262253113091
5 6680562807 10 452798 = 11678.065535455942
5 6056857948 10 452798 = 16682.95076493174
5 5834440610 10 452798 = 11678.065535455942
5 7234339156 10 452798 = 11678.065535455942
5 2155562515 10 452798 = 11678.065535455942
5 7839191339 10 452798 = 11121.967176623642
5 8914980130 10 452798 = 12790.262253113091
5 7655426265 10 452798 = 11678.065535455942
5 8493911261 10 452798 = 11678.065535455942
5 6813146754 10 452798 = 12234.163894288242
5 3818310450 10 452798 = 12234.163894288242
5 8735368719 10 452798 = 11678.065535455942
5 5127500597 10 452798 = 11678.065535455942
5 1164638149 10 452798 = 13902.45897077769
0 217817 0 = 0.0
2 11 1 17 1 = 0.0
3 11 5027.000000 = -456200.25
4 1976084703 11 217817 = -26406.0
4 1377797662 11 217817 = -15843.60000000149
4 7173931392 11 217817 = -15843.60000000149
4 6256885996 11 217817 = -15843.60000000149
4 7710782853 11 217817 = -15843.60000000149
4 5298185685 11 217817 = -15843.60000000149
4 7708958036 11 217817 = -15843.60000000149
4 7369015574 11 217817 = -15843.60000000149
4 2309476758 11 217817 = -15843.60000000149
4 8515552208 11 217817 = -15843.60000000149
4 9038488318 11 217817 = -15843.60000000149
4 3201937052 11 217817 = -15843.60000000149
4 6200020420 11 217817 = -15843.60000000149
4 8076120341 11 217817 = -15843.60000000149
4 5130081683 11 217817 = -15843.60000000149
4 2538803979 11 217817 = -15843.60000000149
4 3615984116 11 217817 = -15843.60000000149
4 9153496546 11 217817 = -15843.60000000149
1 362105 11 = -302638.4122609198
5 1976084703 11 362105 = 129018.96983074397
5 1377797662 11 362105 = 9353.87531273067
5 7173931392 11 362105 = 7418.590765267611
5 6256885996 11 362105 = 7418.590765267611
5 7710782853 11 362105 = 6773.495916113257
5 5298185685 11 362105 = 9676.422737307847
5 7708958036 11 362105 = 6773.495916113257
5 7369015574 11 362105 = 7096.043340690434
5 2309476758 11 362105 = 6773.495916113257
5 8515552208 11 362105 = 6773.495916113257
5 9038488318 11 362105 = 8063.685614421964
5 3201937052 11 362105 = 6773.495916113257
5 6200020420 11 362105 = 6773.495916113257
5 8076120341 11 362105 = 6773.495916113257
5 5130081683 11 362105 = 8063.685614421964
5 2538803979 11 362105 = 6450.948491536081
5 3615984116 11 362105 = 6450.948491536081
5 9153496546 11 362105 = 6773.495916113257
0 660259 3 = 0.0
2 12 0 10 0 = 0.0
3 12 5251.000000 = -452268.6300000027
4 7219546197 12 660259 = -945000.0
4 4855660386 12 660259 = -945000.0
4 1527507719 12 660259 = -945000.0
4 3445509970 12 660259 = -945000.0
4 1002398119 12 660259 = -945000.0
4 2803165452 12 660259 = -945000.0
4 3192001625 12 660259 = -945000.0
4 8678299485 12 660259 = -945000.0
4 9997851597 12 660259 = -945000.0
4 3227498090 12 660259 = -945000.0
1 558684 12 = -386344.0366955623
5 7219546197 12 558684 = 135282.45847664028
5 4855660386 12 558684 = 129133.25581860542
5 1527507719 12 558684 = 147580.8637926951
5 3445509970 12 558684 = 166028.4717667848
5 1002398119 12 558684 = 129133.25581860542
5 2803165452 12 558684 = 135282.45847664028
5 3192001625 12 558684 = 122984.05316057801
5 8678299485 12 558684 = 122984.05316057801
5 9997851597 12 558684 = 122984.05316057801
5 3227498090 12 558684 = 153730.06645072252
0 475864 0 = 0.0
2 13 0 12 3 = 0.0
3 13 4384.000000 = -460539.19999999553
4 5581654935 13 475864 = -26406.0
4 2422772888 13 475864 = -26406.0
4 8799462833 13 475864 = -26406.0
4 5630610335 13 475864 = -15843.59999999404
4 5484156616 13 475864 = -15843.59999999404
4 8266739964 13 475864 = -15843.59999999404
4 9337198302 13 475864 = -15843.59999999404
4 2790849038 13 475864 = -15843.59999999404
4 8619642269 13 475864 = -15843.59999999404
4 7636135773 13 475864 = -15843.59999999404
4 1361401177 13 475864 = -15843.59999999404
4 3479692780 13 475864 = -15843.59999999404
4 2124874293 13 475864 = -15843.59999999404
4 1988712987 13 475864 = -15843.59999999404
4 7587325097 13 475864 = -15843.59999999404
1 609824 13 = -359781.387455225
5 5581654935 13 609824 = 746848.656164363
5 2422772888 13 609824 = 118020.52838152647
5 8799462833 13 609824 = 118020.52838152647
5 5630610335 13 609824 = 6196.077740028501
5 5484156616 13 609824 = 6505.881627030671
5 8266739964 13 609824 = 6196.077740028501
5 9337198302 13 609824 = 8674.508836045861
5 2790849038 13 609824 = 6505.881627030671
5 8619642269 13 609824 = 6196.077740028501
5 7636135773 13 609824 = 6815.685514032841
5 1361401177 13 609824 = 6505.881627030671
5 3479692780 13 609824 = 6505.881627030671
5 2124874293 13 609824 = 7125.489401035011
5 1988712987 13 609824 = 6815.685514032841
5 7587325097 13 609824 = 7125.489401035011
0 148211 3 = 0.0
2 14 0 2 3 = 0.0
3 14 5119.000000 = -519732.06999999285
4 9608001737 14 148211 = -1575000.0
4 1518373902 14 148211 = -1575000.0
4 1794691687 14 148211 = -1575000.0
4 8211766179 14 148211 = -945000.0
4 9802484804 14 148211 = -945000.0
1 644190 14 = -302053.37470659614
5 9608001737 14 644190 = 1506398.7393169329
5 1518373902 14 644190 = 1375407.5445937216
5 1794691687 14 644190 = 1375407.5445937216
5 8211766179 14 644190 = 201726.43987374753
5 9802484804 14 644190 = 68770.3772296831
0 653605 3 = 0.0
2 15 0 2 3 = 0.0
3 15 5100.000000 = -451605.0
4 2195346045 15 653605 = -1575000.0
4 8979449553 15 653605 = -1575000.0
4 4626423184 15 653605 = -1575000.0
4 9728604763 15 653605 = -945000.0
4 7636750068 15 653605 = -945000.0
1 124585 15 = -456533.26882629097
5 2195346045 15 124585 = 6749175.322102696
5 8979449553 15 124585 = 6135613.929184265
5 4626423184 15 124585 = 1439824.0687152445
5 9728604763 15 124585 = 183250.336018309
5 7636750068 15 124585 = 201575.36962012947
0 991193 3 = 0.0
2 16 0 2 3 = 0.0
3 16 5057.000000 = -531794.1200000048
4 1278711598 16 991193 = -1575000.0
4 9657460196 16 991193 = -1575000.0
4 5600662331 16 991193 = -1575000.0
4 1977205436 16 991193 = -945000.0
4 6485393038 16 991193 = -945000.0
1 190459 16 = -342416.08313408494
5 1278711598 16 190459 = 1.1976228779089361E7
5 9657460196 16 190459 = 2322662.5510961115
5 5600662331 16 190459 = 2787195.061315343
5 1977205436 16 190459 = 406465.9464418143
5 6485393038 16 190459 = 128036.77312918007
0 760597 3 = 0.0
2 17 0 2 3 = 0.0
3 17 5065.000000 = -514249.450000003
4 3137093708 17 760597 = -1575000.0
4 2592192657 17 760597 = -1575000.0
4 7452099452 17 760597 = -1575000.0
4 8073528964 17 760597 = -945000.0
4 2424488585 17 760597 = -945000.0
1 135969 17 = -503657.07755966485
5 3137093708 17 135969 = 1.3540671534307301E7
5 2592192657 17 135969 = 3004223.657744974
5 7452099452 17 135969 = 2310941.275188446
5 8073528964 17 135969 = 388238.1342316568
5 2424488585 17 135969 = 139523.07948949933
0 775379 3 = 0.0
2 18 0 2 3 = 0.0
3 18 5028.000000 = -403748.40000000596
4 2310745337 18 775379 = -1575000.0
4 3322594223 18 775379 = -1575000.0
4 5387251373 18 775379 = -1575000.0
4 4552731994 18 775379 = -945000.0
4 4984480030 18 775379 = -945000.0
1 904547 18 = -296095.94525784254
5 2310745337 18 904547 = 1817217.7605549842
5 3322594223 18 904547 = 1427813.9547217786
5 5387251373 18 904547 = 1492714.5890273005
5 4552731994 18 904547 = 71552.94932185113
5 4984480030 18 904547 = 74960.23262289166
0 299174 0 = 0.0
2 19 0 12 3 = 0.0
3 19 4296.000000 = -469252.0799999982
4 5449826448 19 299174 = -26406.0
4 9481254843 19 299174 = -26406.0
4 9275242020 19 299174 = -26406.0
4 2972670755 19 299174 = -15843.59999999404
4 5298437081 19 299174 = -15843.59999999404
4 3729813631 19 299174 = -15843.59999999404
4 3242601339 19 299174 = -15843.59999999404
4 1557521567 19 299174 = -15843.59999999404
4 6451658968 19 299174 = -15843.59999999404
4 9489184204 19 299174 = -15843.59999999404
4 9495849866 19 299174 = -15843.59999999404
4 3017734996 19 299174 = -15843.59999999404
4 6179647687 19 299174 = -15843.59999999404
4 7683673453 19 299174 = -15843.59999999404
4 1093200820 19 299174 = -15843.59999999404
1 315646 19 = -365642.78946611285
5 5449826448 19 315646 = 122382.78611758351
5 9481254843 19 315646 = 128210.53783746064
5 9275242020 19 315646 = 128210.53783746064
5 2972670755 19 315646 = 6119.139305874705
5 5298437081 19 315646 = 6731.053236469626
5 3729813631 19 315646 = 7037.010201767087
5 3242601339 19 315646 = 6119.139305874705
5 1557521567 19 315646 = 6731.053236469626
5 6451658968 19 315646 = 6425.096271172166
5 9489184204 19 315646 = 6731.053236469626
5 9495849866 19 315646 = 6425.096271172166
5 3017734996 19 315646 = 7342.967167049646
5 6179647687 19 315646 = 6731.053236469626
5 7683673453 19 315646 = 7342.967167049646
5 1093200820 19 315646 = 6425.096271172166
0 124537 3 = 0.0
2 20 0 2 3 = 0.0
3 20 4985.000000 = -486386.450000003
4 8364558450 20 124537 = -1575000.0
4 1827605526 20 124537 = -1575000.0
4 8662118066 20 124537 = -1575000.0
4 6733778444 20 124537 = -945000.0
4 9549528865 20 124537 = -945000.0
1 916215 20 = -321967.09823943675
5 8364558450 20 916215 = 2633600.7737656385
5 1827605526 20 916215 = 2290087.629361421
5 8662118066 20 916215 = 2633600.7737656385
5 6733778444 20 916215 = 320612.2681106031
5 9549528865 20 916215 = 162309.9607309848
0 637499 0 = 0.0
2 21 2 14 2 = 0.0
3 21 5164.000000 = -527141.1200000048
4 1815564400 21 637499 = -26406.0
4 3509457794 21 637499 = -26406.0
4 6295946560 21 637499 = -15843.59999999404
4 4759983039 21 637499 = -15843.59999999404
4 1441531898 21 637499 = -15843.59999999404
4 1940520373 21 637499 = -15843.59999999404
4 8753667036 21 637499 = -15843.59999999404
4 9831526439 21 637499 = -15843.59999999404
4 9973193819 21 637499 = -15843.59999999404
4 3437017829 21 637499 = -15843.59999999404
4 6302380519 21 637499 = -15843.59999999404
4 1978934197 21 637499 = -15843.59999999404
4 2687358062 21 637499 = -15843.59999999404
4 1152262399 21 637499 = -15843.59999999404
4 5815334605 21 637499 = -15843.59999999404
4 9846890162 21 637499 = -15843.59999999404
1 654783 21 = -343468.1923957914
5 1815564400 21 654783 = 123978.17177058756
5 3509457794 21 654783 = 142574.89753617346
5 6295946560 21 654783 = 7485.182120651007
5 4759983039 21 654783 = 6508.854017958045
5 1441531898 21 654783 = 6834.296718850732
5 1940520373 21 654783 = 6508.854017958045
5 8753667036 21 654783 = 6508.854017958045
5 9831526439 21 654783 = 7810.6248215436935
5 9973193819 21 654783 = 6508.854017958045
5 3437017829 21 654783 = 7159.73941975832
5 6302380519 21 654783 = 6834.296718850732
5 1978934197 21 654783 = 6834.296718850732
5 2687358062 21 654783 = 7810.6248215436935
5 1152262399 21 654783 = 6834.296718850732
5 5815334605 21 654783 = 6508.854017958045
5 9846890162 21 654783 = 6508.854017958045
0 382465 0 = 0.0
2 22 1 17 1 = 0.0
3 22 4618.000000 = -371841.3599999994
4 7975069790 22 382465 = -26406.0
4 1605319083 22 382465 = -15843.59999999404
4 4860914620 22 382465 = -15843.59999999404
4 8609966380 22 382465 = -15843.59999999404
4 2273055071 22 382465 = -15843.59999999404
4 2412718057 22 382465 = -15843.59999999404
4 1458542786 22 382465 = -15843.59999999404
4 8524925452 22 382465 = -15843.59999999404
4 5843166824 22 382465 = -15843.59999999404
4 6221512418 22 382465 = -15843.59999999404
4 8898732583 22 382465 = -15843.59999999404
4 4078740312 22 382465 = -15843.59999999404
4 4170674896 22 382465 = -15843.59999999404
4 2535024976 22 382465 = -15843.59999999404
4 3876993869 22 382465 = -15843.59999999404
4 6242298955 22 382465 = -15843.59999999404
4 6579822191 22 382465 = -15843.59999999404
4 2089955571 22 382465 = -15843.59999999404
1 375252 22 = -359418.99275514483
5 7975069790 22 375252 = 125495.83922511339
5 1605319083 22 375252 = 6902.271157383919
5 4860914620 22 375252 = 6902.271157383919
5 8609966380 22 375252 = 6902.271157383919
5 2273055071 22 375252 = 7216.0107554495335
5 2412718057 22 375252 = 8157.229549631476
5 1458542786 22 375252 = 6902.271157383919
5 8524925452 22 375252 = 6588.531559318304
5 5843166824 22 375252 = 8784.708745762706
5 6221512418 22 375252 = 7843.489951565862
5 8898732583 22 375252 = 8470.969147697091
5 4078740312 22 375252 = 6902.271157383919
5 4170674896 22 375252 = 7216.0107554495335
5 2535024976 22 375252 = 6588.531559318304
5 3876993869 22 375252 = 7529.750353500247
5 6242298955 22 375252 = 7216.0107554495335
5 6579822191 22 375252 = 6588.531559318304
5 2089955571 22 375252 = 7216.0107554495335
0 589256 3 = 0.0
2 23 0 10 0 = 0.0
3 23 5038.000000 = -550300.7399999946
4 7646741994 23 589256 = -945000.0
4 4646625476 23 589256 = -945000.0
4 2952122304 23 589256 = -945000.0
4 9547569955 23 589256 = -945000.0
4 8251187189 23 589256 = -945000.0
4 3276082042 23 589256 = -945000.0
4 7371160350 23 589256 = -945000.0
4 9173575832 23 589256 = -945000.0
4 5807320690 23 589256 = -945000.0
4 3531422231 23 589256 = -945000.0
1 470898 23 = -345097.8448007107
5 7646741994 23 470898 = 119635.88640588522
5 4646625476 23 470898 = 125617.68072618544
5 2952122304 23 470898 = 125617.68072618544
5 9547569955 23 470898 = 131599.47504647076
5 8251187189 23 470898 = 167490.2409682423
5 3276082042 23 470898 = 131599.47504647076
5 7371160350 23 470898 = 125617.68072618544
5 9173575832 23 470898 = 119635.88640588522
5 5807320690 23 470898 = 131599.47504647076
5 3531422231 23 470898 = 143563.0636870712
-4082162.095871 = 0.0
