0 186761 1 = 0.0
2 0 7 8 0 = 0.0
3 0 78929.000000 = -2613339.19
4 9265628254 0 186761 = -6029.100000000093
4 7721388544 0 186761 = -6029.100000000093
4 2473040475 0 186761 = -6029.100000000093
4 4340312573 0 186761 = -6029.100000000093
4 8497387276 0 186761 = -6029.100000000093
4 8584235573 0 186761 = -6029.100000000093
4 8207926009 0 186761 = -6029.100000000093
4 1978711083 0 186761 = -6029.100000000093
1 838640 0 = -186282.59003215702
5 9265628254 0 838640 = 17056.67935782019
5 7721388544 0 838640 = 17909.51332571078
5 2473040475 0 838640 = 17056.67935782019
5 4340312573 0 838640 = 17909.51332571078
5 8497387276 0 838640 = 18762.347293602303
5 8584235573 0 838640 = 17909.51332571078
5 8207926009 0 838640 = 20468.015229384415
5 1978711083 0 838640 = 18762.347293601837
0 938227 1 = 0.0
2 1 9 3 2 = 0.0
3 1 71573.000000 = -3314545.6299999994
4 6472723395 1 938227 = -10048.5
4 1908504962 1 938227 = -10048.5
4 1934057031 1 938227 = -6029.0999999996275
4 2704392962 1 938227 = -6029.0999999996275
4 4832892650 1 938227 = -6029.0999999996275
1 186761 1 = -186078.13013938442
5 6472723395 1 186761 = 436352.8673749734
5 1908504962 1 186761 = 327264.6505312305
5 1934057031 1 186761 = 22090.363910857588
5 2704392962 1 186761 = 17999.555779217742
5 4832892650 1 186761 = 20454.040658202022
0 842825 1 = 0.0
2 2 7 7 0 = 0.0
3 2 102733.000000 = -5966732.64
4 9928961239 2 842825 = -6029.0999999996275
4 2581511414 2 842825 = -6029.0999999996275
4 2078310308 2 842825 = -6029.0999999996275
4 9015757572 2 842825 = -6029.0999999996275
4 1713304724 2 842825 = -6029.0999999996275
4 3754803057 2 842825 = -6029.0999999996275
4 6764242168 2 842825 = -6029.0999999996275
1 418344 2 = -236320.6140287537
5 9928961239 2 418344 = 22190.82412615046
5 2581511414 2 418344 = 22190.824126148596
5 2078310308 2 418344 = 18492.353438459337
5 9015757572 2 418344 = 19416.971110381186
5 1713304724 2 418344 = 24964.67714191787
5 3754803057 2 418344 = 20341.588782303035
5 6764242168 2 418344 = 24964.67714191787
0 374270 1 = 0.0
2 3 11 8 0 = 0.0
3 3 133259.000000 = -5233080.93
4 9483555913 3 374270 = -6029.10000000149
4 2667892061 3 374270 = -6029.10000000149
4 5011813325 3 374270 = -6029.10000000149
4 8820718412 3 374270 = -6029.10000000149
4 3119812160 3 374270 = -6029.10000000149
4 6413732242 3 374270 = -6029.10000000149
4 3812187618 3 374270 = -6029.10000000149
4 6444094463 3 374270 = -6029.10000000149
1 186761 3 = -301071.02075926214
5 9483555913 3 186761 = 19617.232867684215
5 2667892061 3 186761 = 20598.094511069357
5 5011813325 3 186761 = 20598.094511069357
5 8820718412 3 186761 = 22559.81779783964
5 3119812160 3 186761 = 22559.817797835916
5 6413732242 3 186761 = 21578.9561544545
5 3812187618 3 186761 = 20598.094511069357
5 6444094463 3 186761 = 21578.9561544545
0 938227 1 = 0.0
2 4 4 5 0 = 0.0
3 4 75980.000000 = -3518633.8000000007
4 5506969636 4 938227 = -6029.10000000149
4 6463829563 4 938227 = -6029.10000000149
4 8864248817 4 938227 = -6029.10000000149
4 4305400146 4 938227 = -6029.10000000149
4 2272529041 4 938227 = -6029.10000000149
1 772123 4 = -181348.30661591515
5 5506969636 4 772123 = 16808.750121451914
5 6463829563 4 772123 = 17649.187627520412
5 8864248817 4 772123 = 17649.187627524137
5 4305400146 4 772123 = 21851.37515788898
5 2272529041 4 772123 = 20170.500145740807
0 186761 1 = 0.0
2 5 10 7 0 = 0.0
3 5 71585.000000 = -2370179.3500000015
4 2630490822 5 186761 = -6029.10000000149
4 9043473461 5 186761 = -6029.10000000149
4 4957249987 5 186761 = -6029.10000000149
4 6286473847 5 186761 = -6029.10000000149
4 8332109420 5 186761 = -6029.10000000149
4 1631730832 5 186761 = -6029.10000000149
4 3528680585 5 186761 = -6029.10000000149
1 938227 5 = -317908.9455587119
5 2630490822 5 938227 = 18817.71740554273
5 9043473461 5 938227 = 19635.87903187424
5 4957249987 5 938227 = 17181.39415289089
5 6286473847 5 938227 = 17181.39415289089
5 8332109420 5 938227 = 18817.71740554273
5 1631730832 5 938227 = 21272.202284529805
5 3528680585 5 938227 = 20454.040658202022
0 842825 1 = 0.0
2 6 12 7 0 = 0.0
3 6 93800.000000 = -5447904.0
4 4951700482 6 842825 = -6029.10000000149
4 1094726255 6 842825 = -6029.10000000149
4 6677921592 6 842825 = -6029.10000000149
4 2804056858 6 842825 = -6029.10000000149
4 8626146832 6 842825 = -6029.10000000149
4 3901990358 6 842825 = -6029.10000000149
4 1523956789 6 842825 = -6029.10000000149
1 863529 6 = -258174.70292096213
5 4951700482 6 863529 = 18950.519277773798
5 1094726255 6 863529 = 19852.92495766282
5 6677921592 6 863529 = 19852.924957666546
5 2804056858 6 863529 = 22560.141997344792
5 8626146832 6 863529 = 19852.924957666546
5 3901990358 6 863529 = 18950.519277770072
5 1523956789 6 863529 = 18950.519277773798
0 417311 1 = 0.0
2 7 8 6 0 = 0.0
3 7 64615.000000 = -3219765.4499999993
4 3652317067 7 417311 = -6029.10000000149
4 6397830248 7 417311 = -6029.10000000149
4 9719143727 7 417311 = -6029.10000000149
4 5176290786 7 417311 = -6029.10000000149
4 4605850355 7 417311 = -6029.10000000149
4 5400329809 7 417311 = -6029.10000000149
1 960061 7 = -193257.88207519054
5 3652317067 7 960061 = 16195.23429312557
5 6397830248 7 960061 = 16195.234293129295
5 9719143727 7 960061 = 16966.43592613563
5 5176290786 7 960061 = 16966.435926131904
5 4605850355 7 960061 = 16966.43592613563
5 5400329809 7 960061 = 16966.43592613563
0 381962 1 = 0.0
2 8 10 6 0 = 0.0
3 8 94130.000000 = -4027822.700000003
4 5589591845 8 381962 = -6029.10000000149
4 4952127603 8 381962 = -6029.10000000149
4 7322205963 8 381962 = -6029.10000000149
4 4058771871 8 381962 = -6029.10000000149
4 5912066518 8 381962 = -6029.10000000149
4 8010285513 8 381962 = -6029.10000000149
1 772123 8 = -296287.60688075423
5 5589591845 8 772123 = 19871.50903917104
5 4952127603 8 772123 = 18968.258628293872
5 7322205963 8 772123 = 19871.50903917104
5 4058771871 8 772123 = 19871.50903917104
5 5912066518 8 772123 = 18968.258628301322
5 8010285513 8 772123 = 19871.50903917104
0 534387 1 = 0.0
2 9 18 6 1 = 0.0
3 9 87682.000000 = -3896588.079999998
4 4698590140 9 534387 = -10048.5
4 7689006400 9 534387 = -6029.10000000149
4 5400433527 9 534387 = -6029.10000000149
4 1400692693 9 534387 = -6029.10000000149
4 2403088514 9 534387 = -6029.10000000149
4 2006383683 9 534387 = -6029.10000000149
4 7181480674 9 534387 = -6029.10000000149
1 374270 9 = -235693.87966238707
5 4698590140 9 374270 = 370668.0107193142
5 7689006400 9 374270 = 21229.167886652052
5 5400433527 9 374270 = 21229.167886652052
5 1400692693 9 374270 = 22998.265210539103
5 2403088514 9 374270 = 19460.070562765002
5 2006383683 9 374270 = 19460.070562765002
5 7181480674 9 374270 = 18575.521900825202
0 838640 1 = 0.0
2 10 17 8 0 = 0.0
3 10 122264.000000 = -7585258.560000002
4 5426092655 10 838640 = -6029.10000000149
4 1691015126 10 838640 = -6029.10000000149
4 6979404412 10 838640 = -6029.10000000149
4 6910464613 10 838640 = -6029.10000000149
4 9589376266 10 838640 = -6029.10000000149
4 7227456596 10 838640 = -6029.10000000149
4 6154924409 10 838640 = -6029.10000000149
4 1225838011 10 838640 = -6029.10000000149
1 381962 10 = -277588.7438392639
5 5426092655 10 381962 = 21187.86912892759
5 1691015126 10 381962 = 21187.86912892759
5 6979404412 10 381962 = 20224.78416851908
5 6910464613 10 381962 = 21187.86912893504
5 9589376266 10 381962 = 20224.78416851908
5 7227456596 10 381962 = 22150.954089336097
5 6154924409 10 381962 = 28892.548812173307
5 1225838011 10 381962 = 20224.78416852653
0 838640 1 = 0.0
2 11 8 5 0 = 0.0
3 11 97616.000000 = -6056096.640000001
4 6184732960 11 838640 = -6029.10000000149
4 8392242869 11 838640 = -6029.10000000149
4 1351143478 11 838640 = -6029.10000000149
4 8093284231 11 838640 = -6029.10000000149
4 9654608538 11 838640 = -6029.10000000149
1 960061 11 = -248112.53533313423
5 6184732960 11 960061 = 19161.78207424283
5 8392242869 11 960061 = 26461.50857871771
5 1351143478 11 960061 = 19161.78207424283
5 8093284231 11 960061 = 20074.247887298465
5 9654608538 11 960061 = 19161.78207424283
-54007120.534518 = 0.0
