0 785484 1 = 0.0
2 0 12 10 0 = 0.0
3 0 92993.000000 = -4910030.399999999
4 3336929484 0 785484 = -5178.5999999996275
4 6215467541 0 785484 = -5178.5999999996275
4 2593390156 0 785484 = -5178.5999999996275
4 1124000275 0 785484 = -5178.5999999996275
4 2707780216 0 785484 = -5178.5999999996275
4 4558873846 0 785484 = -5178.5999999996275
4 6575280230 0 785484 = -5178.5999999996275
4 6222404467 0 785484 = -5178.5999999996275
4 1651530733 0 785484 = -5178.5999999996275
4 5135675818 0 785484 = -5178.5999999996275
1 775884 0 = -188551.67366923764
5 3336929484 0 775884 = 25199.5861935718
5 6215467541 0 775884 = 20699.660087576136
5 2593390156 0 775884 = 18899.689645178616
5 1124000275 0 775884 = 18899.689645178616
5 2707780216 0 775884 = 17999.704423979856
5 4558873846 0 775884 = 19799.674866377376
5 6575280230 0 775884 = 18899.689645178616
5 6222404467 0 775884 = 21599.645308774896
5 1651530733 0 775884 = 20699.660087577067
5 5135675818 0 775884 = 18899.689645178616
0 224063 1 = 0.0
2 1 7 8 0 = 0.0
3 1 102992.000000 = -3727280.4800000004
4 5016604425 1 224063 = -5178.5999999996275
4 4865639226 1 224063 = -5178.5999999996275
4 6895254967 1 224063 = -5178.5999999996275
4 6711934043 1 224063 = -5178.5999999996275
4 1955738099 1 224063 = -5178.5999999996275
4 2734459192 1 224063 = -5178.5999999996275
4 1652998225 1 224063 = -5178.5999999996275
4 4609865004 1 224063 = -5178.5999999996275
1 246253 1 = -151836.65023690835
5 5016604425 1 246253 = 19428.0992206987
5 4865639226 1 246253 = 19428.099220696837
5 6895254967 1 246253 = 19428.0992206987
5 6711934043 1 246253 = 19428.099220696837
5 1955738099 1 246253 = 19428.099220696837
5 2734459192 1 246253 = 20353.246802637354
5 1652998225 1 246253 = 21278.394384572282
5 4609865004 1 246253 = 19428.0992206987
0 478446 1 = 0.0
2 2 7 6 1 = 0.0
3 2 67830.000000 = -2432383.8000000007
4 3065425281 2 478446 = -8631.0
4 1394604566 2 478446 = -5178.5999999996275
4 6447051348 2 478446 = -5178.5999999996275
4 5121420893 2 478446 = -5178.5999999996275
4 3012341443 2 478446 = -5178.5999999996275
4 4291226258 2 478446 = -5178.5999999996275
4 1313207356 2 478446 = -5178.5999999996275
1 535877 2 = -180923.4448924251
5 3065425281 2 535877 = 302986.0492934156
5 1394604566 2 535877 = 16702.10596729815
5 6447051348 2 535877 = 17497.44434669614
5 5121420893 2 535877 = 16702.10596729815
5 3012341443 2 535877 = 17497.44434669614
5 4291226258 2 535877 = 21474.136243669316
5 1313207356 2 535877 = 19088.121105486527
0 146273 1 = 0.0
2 3 11 8 0 = 0.0
3 3 83502.000000 = -3233197.4399999995
4 1797168912 3 146273 = -5178.5999999996275
4 8319287717 3 146273 = -5178.5999999996275
4 2123864112 3 146273 = -5178.5999999996275
4 9134983363 3 146273 = -5178.5999999996275
4 8148636712 3 146273 = -5178.5999999996275
4 8217804395 3 146273 = -5178.5999999996275
4 9849699070 3 146273 = -5178.5999999996275
4 4958115436 3 146273 = -5178.5999999996275
1 453718 3 = -223666.98477018625
5 1797168912 3 453718 = 19148.60968159139
5 8319287717 3 453718 = 20019.001030754298
5 2123864112 3 453718 = 18278.218332428485
5 9134983363 3 453718 = 20019.00103075616
5 8148636712 3 453718 = 17407.826983263716
5 8217804395 3 453718 = 18278.218332428485
5 9849699070 3 453718 = 18278.218332428485
5 4958115436 3 453718 = 25241.34912573546
0 505609 1 = 0.0
2 4 8 7 0 = 0.0
3 4 76277.000000 = -4203625.470000001
4 5246854303 4 505609 = -5178.60000000149
4 5244155439 4 505609 = -5178.60000000149
4 6608809172 4 505609 = -5178.60000000149
4 1548591406 4 505609 = -5178.60000000149
4 3287110202 4 505609 = -5178.60000000149
4 2287391654 4 505609 = -5178.60000000149
4 1627574518 4 505609 = -5178.60000000149
1 110455 4 = -218683.08727474883
5 5246854303 4 110455 = 18514.00425570458
5 5244155439 4 110455 = 16830.912959732115
5 6608809172 4 110455 = 18514.00425570458
5 1548591406 4 110455 = 25246.369439598173
5 3287110202 4 110455 = 22721.732495635748
5 2287391654 4 110455 = 18514.00425570458
5 1627574518 4 110455 = 17672.45860771835
-18614347.568394 = 0.0
