0 458582 1 = 0.0
2 0 28 16 2 = 0.0
3 0 132177.000000 = -7778616.45
4 4579411311 0 458582 = -9859.5
4 5544727434 0 458582 = -9859.5
4 7785007647 0 458582 = -5915.700000000186
4 8037145903 0 458582 = -5915.700000000186
4 3248523652 0 458582 = -5915.700000000186
4 6036840438 0 458582 = -5915.700000000186
4 3679356699 0 458582 = -5915.700000000186
4 3357025435 0 458582 = -5915.700000000186
4 8980213191 0 458582 = -5915.700000000186
4 2840200653 0 458582 = -5915.700000000186
4 6299409392 0 458582 = -5915.700000000186
4 7543333653 0 458582 = -5915.700000000186
4 1762836920 0 458582 = -5915.700000000186
4 7453121267 0 458582 = -5915.700000000186
4 8211742109 0 458582 = -5915.700000000186
4 6107860748 0 458582 = -5915.700000000186
4 3787591752 0 458582 = -5915.700000000186
4 4433206235 0 458582 = -5915.700000000186
1 962218 0 = -228872.70923054218
5 4579411311 0 962218 = 484765.2858483447
5 5544727434 0 962218 = 410186.0111024454
5 7785007647 0 962218 = 21534.765582879074
5 8037145903 0 962218 = 20555.91260183789
5 3248523652 0 962218 = 28386.73645015806
5 6036840438 0 962218 = 19577.059620798565
5 3679356699 0 962218 = 20555.91260183882
5 3357025435 0 962218 = 23492.47154495772
5 8980213191 0 962218 = 20555.91260183882
5 2840200653 0 962218 = 22513.618563918397
5 6299409392 0 962218 = 21534.765582878143
5 7543333653 0 962218 = 20555.91260183882
5 1762836920 0 962218 = 21534.765582878143
5 7453121267 0 962218 = 19577.059620798565
5 8211742109 0 962218 = 25450.17750703823
5 6107860748 0 962218 = 21534.765582878143
5 3787591752 0 962218 = 26429.03048807755
5 4433206235 0 962218 = 22513.618563918397
0 896291 1 = 0.0
2 1 22 16 1 = 0.0
3 1 75005.000000 = -3011450.749999998
4 8258771883 1 896291 = -9859.5
4 8534143657 1 896291 = -5915.699999999255
4 9484166996 1 896291 = -5915.699999999255
4 3399571132 1 896291 = -5915.699999999255
4 3645239753 1 896291 = -5915.699999999255
4 3163425819 1 896291 = -5915.699999999255
4 7801558941 1 896291 = -5915.699999999255
4 7625957959 1 896291 = -5915.699999999255
4 6904588625 1 896291 = -5915.699999999255
4 4163164353 1 896291 = -5915.699999999255
4 3501438535 1 896291 = -5915.699999999255
4 4469349873 1 896291 = -5915.699999999255
4 7157144383 1 896291 = -5915.699999999255
4 6452264226 1 896291 = -5915.699999999255
4 9938339300 1 896291 = -5915.699999999255
4 6456310576 1 896291 = -5915.699999999255
4 7056165228 1 896291 = -5915.699999999255
1 551129 1 = -198485.35412302613
5 8258771883 1 551129 = 333969.06188204326
5 8534143657 1 551129 = 18368.298403512686
5 9484166996 1 551129 = 17533.375748807564
5 3399571132 1 551129 = 24212.75698644668
5 3645239753 1 551129 = 19203.22105821781
5 3163425819 1 551129 = 17533.375748807564
5 7801558941 1 551129 = 24212.75698644854
5 7625957959 1 551129 = 19203.22105821781
5 6904588625 1 551129 = 17533.375748807564
5 4163164353 1 551129 = 16698.453094102442
5 3501438535 1 551129 = 16698.45309410058
5 4469349873 1 551129 = 18368.298403512686
5 7157144383 1 551129 = 19203.22105821781
5 6452264226 1 551129 = 22542.911677038297
5 9938339300 1 551129 = 16698.453094102442
5 6456310576 1 551129 = 19203.22105821781
5 7056165228 1 551129 = 17533.375748807564
0 232076 1 = 0.0
2 2 19 11 2 = 0.0
3 2 67978.000000 = -3005987.16
4 6997257793 2 232076 = -9859.5
4 8102487201 2 232076 = -9859.5
4 7512003520 2 232076 = -5915.699999999255
4 1098706811 2 232076 = -5915.699999999255
4 3067988633 2 232076 = -5915.699999999255
4 2193940653 2 232076 = -5915.699999999255
4 9793277892 2 232076 = -5915.699999999255
4 5895245283 2 232076 = -5915.699999999255
4 3289603227 2 232076 = -5915.699999999255
4 9088893570 2 232076 = -5915.699999999255
4 3463218480 2 232076 = -5915.699999999255
4 6265417910 2 232076 = -5915.699999999255
4 6686418758 2 232076 = -5915.699999999255
1 882468 2 = -177587.29776113108
5 6997257793 2 882468 = 1775720.581878312
5 8102487201 2 882468 = 318209.128272593
5 7512003520 2 882468 = 20683.593337718397
5 1098706811 2 882468 = 17501.502054993063
5 3067988633 2 882468 = 22274.638979081064
5 2193940653 2 882468 = 16705.97923431173
5 9793277892 2 882468 = 16705.979234309867
5 5895245283 2 882468 = 16705.97923431173
5 3289603227 2 882468 = 15910.456413628533
5 9088893570 2 882468 = 15910.456413630396
5 3463218480 2 882468 = 15910.456413630396
5 6265417910 2 882468 = 16705.979234309867
5 6686418758 2 882468 = 17501.502054993063
0 570305 1 = 0.0
2 3 21 13 1 = 0.0
3 3 94551.000000 = -4586669.009999998
4 2560182912 3 570305 = -9859.5
4 7613504901 3 570305 = -5915.699999999255
4 9457413625 3 570305 = -5915.699999999255
4 1220519650 3 570305 = -5915.699999999255
4 6383524878 3 570305 = -5915.699999999255
4 2126078658 3 570305 = -5915.699999999255
4 3527357627 3 570305 = -5915.699999999255
4 8665989671 3 570305 = -5915.699999999255
4 4080955870 3 570305 = -5915.699999999255
4 5933705561 3 570305 = -5915.699999999255
4 4012682289 3 570305 = -5915.699999999255
4 8850415346 3 570305 = -5915.699999999255
4 5098984525 3 570305 = -5915.699999999255
4 4832286652 3 570305 = -5915.699999999255
1 396238 3 = -207312.96702606604
5 2560182912 3 396238 = 344390.11195171066
5 7613504901 3 396238 = 18080.480877464637
5 9457413625 3 396238 = 18984.50492133759
5 1220519650 3 396238 = 18984.504921339452
5 6383524878 3 396238 = 18984.504921339452
5 2126078658 3 396238 = 19888.528965210542
5 3527357627 3 396238 = 18080.480877464637
5 8665989671 3 396238 = 18984.504921339452
5 4080955870 3 396238 = 18984.50492133759
5 5933705561 3 396238 = 19888.528965210542
5 4012682289 3 396238 = 18080.4808774665
5 8850415346 3 396238 = 21696.577052956447
5 5098984525 3 396238 = 19888.528965210542
5 4832286652 3 396238 = 24408.649184577167
0 396238 1 = 0.0
2 4 26 17 0 = 0.0
3 4 94618.000000 = -3861360.579999998
4 7244389321 4 396238 = -5915.699999999255
4 3762535499 4 396238 = -5915.699999999255
4 9336824478 4 396238 = -5915.699999999255
4 3984000874 4 396238 = -5915.699999999255
4 5058624998 4 396238 = -5915.699999999255
4 1506487731 4 396238 = -5915.699999999255
4 9885549518 4 396238 = -5915.699999999255
4 6386010719 4 396238 = -5915.699999999255
4 1431229022 4 396238 = -5915.699999999255
4 6251077516 4 396238 = -5915.699999999255
4 9362784015 4 396238 = -5915.699999999255
4 9518487674 4 396238 = -5915.699999999255
4 7740791348 4 396238 = -5915.699999999255
4 5350903215 4 396238 = -5915.699999999255
4 9942878173 4 396238 = -5915.699999999255
4 7200210086 4 396238 = -5915.699999999255
4 2152640959 4 396238 = -5915.699999999255
1 570305 4 = -324160.6650252864
5 7244389321 4 570305 = 19888.528965212405
5 3762535499 4 570305 = 18984.504921339452
5 9336824478 4 570305 = 19888.528965212405
5 3984000874 4 570305 = 19888.52896520868
5 5058624998 4 570305 = 19888.528965212405
5 1506487731 4 570305 = 19888.528965212405
5 9885549518 4 570305 = 24408.649184577167
5 6386010719 4 570305 = 18080.480877462775
5 1431229022 4 570305 = 20792.553009085357
5 6251077516 4 570305 = 20792.553009085357
5 9362784015 4 570305 = 23504.625140704215
5 9518487674 4 570305 = 20792.553009085357
5 7740791348 4 570305 = 18080.480877462775
5 5350903215 4 570305 = 19888.528965212405
5 9942878173 4 570305 = 18984.504921335727
5 7200210086 4 570305 = 18984.504921339452
5 2152640959 4 570305 = 19888.528965212405
0 458582 1 = 0.0
2 5 25 17 0 = 0.0
3 5 69384.000000 = -4083248.3999999985
4 5952204487 5 458582 = -5915.699999999255
4 2443925967 5 458582 = -5915.699999999255
4 5707913799 5 458582 = -5915.699999999255
4 1476918388 5 458582 = -5915.699999999255
4 3832972031 5 458582 = -5915.699999999255
4 1314408176 5 458582 = -5915.699999999255
4 3640413772 5 458582 = -5915.699999999255
4 4556218665 5 458582 = -5915.699999999255
4 7409359205 5 458582 = -5915.699999999255
4 7128069651 5 458582 = -5915.699999999255
4 4951564790 5 458582 = -5915.699999999255
4 6220226437 5 458582 = -5915.699999999255
4 8506667616 5 458582 = -5915.699999999255
4 2356959714 5 458582 = -5915.699999999255
4 4196515720 5 458582 = -5915.699999999255
4 1300830289 5 458582 = -5915.699999999255
4 2884700181 5 458582 = -5915.699999999255
1 896291 5 = -235546.9340343289
5 5952204487 5 896291 = 18492.310486920178
5 2443925967 5 896291 = 21708.364484645426
5 5707913799 5 896291 = 16884.283488057554
5 1476918388 5 896291 = 16884.283488057554
5 3832972031 5 896291 = 16080.269988626242
5 1314408176 5 896291 = 17688.296987488866
5 3640413772 5 896291 = 21708.364484645426
5 4556218665 5 896291 = 16884.283488057554
5 7409359205 5 896291 = 16080.269988626242
5 7128069651 5 896291 = 20100.337485782802
5 4951564790 5 896291 = 16884.283488057554
5 6220226437 5 896291 = 20100.337485782802
5 8506667616 5 896291 = 16080.269988626242
5 2356959714 5 896291 = 16884.283488057554
5 4196515720 5 896291 = 22512.37798407674
5 1300830289 5 896291 = 23316.39148350805
5 2884700181 5 896291 = 16884.283488057554
0 551129 1 = 0.0
2 6 26 17 0 = 0.0
3 6 75011.000000 = -4224619.52
4 4539960968 6 551129 = -5915.699999999255
4 4533049972 6 551129 = -5915.699999999255
4 1219589851 6 551129 = -5915.699999999255
4 1684120589 6 551129 = -5915.699999999255
4 2278245660 6 551129 = -5915.699999999255
4 3279458188 6 551129 = -5915.699999999255
4 4022159543 6 551129 = -5915.699999999255
4 4658122889 6 551129 = -5915.699999999255
4 2138892356 6 551129 = -5915.699999999255
4 8477754387 6 551129 = -5915.699999999255
4 7403791879 6 551129 = -5915.699999999255
4 2196880291 6 551129 = -5915.699999999255
4 4745362873 6 551129 = -5915.699999999255
4 9247652022 6 551129 = -5915.699999999255
4 8403587953 6 551129 = -5915.699999999255
4 8876522626 6 551129 = -5915.699999999255
4 8967311320 6 551129 = -5915.699999999255
1 896291 6 = -371937.6299846694
5 4539960968 6 896291 = 17533.3757488057
5 4533049972 6 896291 = 18368.29840351641
5 1219589851 6 896291 = 18368.29840350896
5 1684120589 6 896291 = 16698.453094102442
5 2278245660 6 896291 = 19203.22105821967
5 3279458188 6 896291 = 16698.453094102442
5 4022159543 6 896291 = 17533.3757488057
5 4658122889 6 896291 = 19203.22105821967
5 2138892356 6 896291 = 17533.3757488057
5 8477754387 6 896291 = 21707.9890223369
5 7403791879 6 896291 = 18368.29840350896
5 2196880291 6 896291 = 16698.453094102442
5 4745362873 6 896291 = 24212.756986450404
5 9247652022 6 896291 = 22542.911677036434
5 8403587953 6 896291 = 21707.9890223369
5 8876522626 6 896291 = 17533.3757488057
5 8967311320 6 896291 = 17533.3757488057
0 458582 1 = 0.0
2 7 30 14 1 = 0.0
3 7 97530.000000 = -5739640.499999993
4 8392446034 7 458582 = -9859.5
4 3992355313 7 458582 = -5915.70000000298
4 9754384743 7 458582 = -5915.70000000298
4 3315388801 7 458582 = -5915.70000000298
4 7935843179 7 458582 = -5915.70000000298
4 6244093596 7 458582 = -5915.70000000298
4 3482927953 7 458582 = -5915.70000000298
4 1072470760 7 458582 = -5915.70000000298
4 8157069095 7 458582 = -5915.70000000298
4 3544220255 7 458582 = -5915.70000000298
4 2048764725 7 458582 = -5915.70000000298
4 8544691759 7 458582 = -5915.70000000298
4 3776221369 7 458582 = -5915.70000000298
4 6395246797 7 458582 = -5915.70000000298
4 1983189967 7 458582 = -5915.70000000298
1 757752 7 = -274257.8645433113
5 8392446034 7 757752 = 1790699.7276359648
5 3992355313 7 757752 = 19144.20799726993
5 9754384743 7 757752 = 19144.20799726993
5 3315388801 7 757752 = 20055.83694952354
5 7935843179 7 757752 = 20967.465901773423
5 6244093596 7 757752 = 19144.207997273654
5 3482927953 7 757752 = 20055.83694952354
5 1072470760 7 757752 = 18232.579045020044
5 8157069095 7 757752 = 18232.579045020044
5 3544220255 7 757752 = 23702.352758526802
5 2048764725 7 757752 = 20055.83694952354
5 8544691759 7 757752 = 18232.579045020044
5 3776221369 7 757752 = 19144.207997273654
5 6395246797 7 757752 = 19144.20799726993
5 1983189967 7 757752 = 19144.20799726993
0 757752 1 = 0.0
2 8 28 16 0 = 0.0
3 8 67607.000000 = -2811099.0600000024
4 6499957108 8 757752 = -5915.70000000298
4 8831090246 8 757752 = -5915.70000000298
4 8855207378 8 757752 = -5915.70000000298
4 5195263979 8 757752 = -5915.70000000298
4 4266169869 8 757752 = -5915.70000000298
4 7505139968 8 757752 = -5915.70000000298
4 8322852986 8 757752 = -5915.70000000298
4 8722892611 8 757752 = -5915.70000000298
4 6024129563 8 757752 = -5915.70000000298
4 4861332176 8 757752 = -5915.70000000298
4 3156698444 8 757752 = -5915.70000000298
4 6316499216 8 757752 = -5915.70000000298
4 1870669353 8 757752 = -5915.70000000298
4 1403450896 8 757752 = -5915.70000000298
4 3138108103 8 757752 = -5915.70000000298
4 5679938914 8 757752 = -5915.70000000298
1 551129 8 = -353386.1108138785
5 6499957108 8 551129 = 16644.591018803418
5 8831090246 8 551129 = 18229.790163449943
5 8855207378 8 551129 = 15851.991446480155
5 5195263979 8 551129 = 16644.591018795967
5 4266169869 8 551129 = 17437.19059112668
5 7505139968 8 551129 = 16644.591018803418
5 8322852986 8 551129 = 16644.591018803418
5 8722892611 8 551129 = 17437.19059112668
5 6024129563 8 551129 = 17437.19059111923
5 4861332176 8 551129 = 17437.19059112668
5 3156698444 8 551129 = 17437.19059112668
5 6316499216 8 551129 = 16644.591018803418
5 1870669353 8 551129 = 17437.19059112668
5 1403450896 8 551129 = 18229.790163449943
5 3138108103 8 551129 = 17437.19059111923
5 5679938914 8 551129 = 18229.790163449943
-34257797.304665 = 0.0
