0 897448 1 = 0.0
2 0 5 4 1 = 0.0
3 0 71110.000000 = -3300926.2
4 6471509157 0 897448 = -8284.5
4 6602856214 0 897448 = -4970.700000000186
4 2624117943 0 897448 = -4970.700000000186
4 5275829387 0 897448 = -4970.700000000186
4 2526816219 0 897448 = -4970.700000000186
1 990090 0 = -218158.65493756207
5 6471509157 0 990090 = 1602339.8060211448
5 6602856214 0 990090 = 17130.46919891704
5 2624117943 0 990090 = 17946.205827436876
5 5275829387 0 990090 = 17130.46919891704
5 2526816219 0 990090 = 16314.732570397202
0 951022 1 = 0.0
2 1 7 5 1 = 0.0
3 1 60342.000000 = -2628497.5200000005
4 4267473245 1 951022 = -8284.5
4 8495989867 1 951022 = -4970.700000000186
4 4595299173 1 951022 = -4970.700000000186
4 5494932235 1 951022 = -4970.700000000186
4 3033338629 1 951022 = -4970.700000000186
4 2354900926 1 951022 = -4970.700000000186
1 143975 1 = -181369.51924854517
5 4267473245 1 143975 = 305408.0323066674
5 8495989867 1 143975 = 15305.107073550113
5 4595299173 1 143975 = 16033.921696100384
5 5494932235 1 143975 = 18949.180186299607
5 3033338629 1 143975 = 19677.99480884988
5 2354900926 1 143975 = 18949.18018630054
0 748657 1 = 0.0
2 2 8 5 1 = 0.0
3 2 61905.000000 = -2199484.6499999994
4 9246924909 2 748657 = -8284.5
4 4846117596 2 748657 = -4970.699999999255
4 3620735337 2 748657 = -4970.699999999255
4 4195257031 2 748657 = -4970.699999999255
4 6890548309 2 748657 = -4970.699999999255
4 5793512960 2 748657 = -4970.699999999255
1 769543 2 = -199109.18012186512
5 9246924909 2 769543 = 298382.60760566127
5 4846117596 2 769543 = 15665.086899297312
5 3620735337 2 769543 = 15665.086899297312
5 4195257031 2 769543 = 15665.086899297312
5 6890548309 2 769543 = 15665.086899297312
5 5793512960 2 769543 = 16411.043418310583
0 990090 1 = 0.0
2 3 7 3 1 = 0.0
3 3 127402.000000 = -6572669.18
4 1310558770 3 990090 = -8284.5
4 4796389775 3 990090 = -4970.699999999255
4 7864758890 3 990090 = -4970.699999999255
4 1898844793 3 990090 = -4970.699999999255
1 937396 3 = -295369.17912987433
5 1310558770 3 937396 = 388715.9137697946
5 4796389775 3 937396 = 20407.58547291346
5 7864758890 3 937396 = 21379.375257337466
5 1898844793 3 937396 = 20407.58547291532
0 276184 1 = 0.0
2 4 9 7 0 = 0.0
3 4 63047.000000 = -2621494.2600000016
4 6767798090 4 276184 = -4970.699999999255
4 3632833943 4 276184 = -4970.699999999255
4 5501232837 4 276184 = -4970.699999999255
4 7187723554 4 276184 = -4970.699999999255
4 6692400562 4 276184 = -4970.699999999255
4 7398644615 4 276184 = -4970.699999999255
4 9315509401 4 276184 = -4970.699999999255
1 516971 4 = -180692.08047621697
5 6767798090 4 516971 = 16660.05518262461
5 3632833943 4 516971 = 15145.504711478949
5 5501232837 4 516971 = 16660.05518262461
5 7187723554 4 516971 = 15902.779947049916
5 6692400562 4 516971 = 16660.05518262461
5 7398644615 4 516971 = 15145.504711477086
5 9315509401 4 516971 = 16660.05518262461
0 409057 1 = 0.0
2 5 4 5 0 = 0.0
3 5 66985.000000 = -2836814.750000002
4 8997938767 5 409057 = -4970.69999999553
4 4989355825 5 409057 = -4970.70000000298
4 6499919672 5 409057 = -4970.69999999553
4 1330493417 5 409057 = -4970.70000000298
4 1077831904 5 409057 = -4970.69999999553
1 937396 5 = -260188.5059352219
5 8997938767 5 937396 = 19735.688839565963
5 4989355825 5 937396 = 16577.97862523794
5 6499919672 5 937396 = 16577.978625234216
5 1330493417 5 937396 = 17367.40617882088
5 1077831904 5 937396 = 15788.551071655005
0 769543 1 = 0.0
2 6 13 8 0 = 0.0
3 6 62001.000000 = -2639382.5700000003
4 9477980390 6 769543 = -4970.699999999255
4 9823828935 6 769543 = -4970.699999999255
4 4986777955 6 769543 = -4970.699999999255
4 4629269326 6 769543 = -4970.699999999255
4 1626264609 6 769543 = -4970.699999999255
4 9469783719 6 769543 = -4970.699999999255
4 7850467514 6 769543 = -4970.699999999255
4 9902358419 6 769543 = -4970.699999999255
1 748657 6 = -270059.7257888131
5 9477980390 6 748657 = 15665.08689929545
5 9823828935 6 748657 = 16411.043418314308
5 4986777955 6 748657 = 14919.130380280316
5 4629269326 6 748657 = 15665.086899299175
5 1626264609 6 748657 = 15665.08689929545
5 9469783719 6 748657 = 15665.086899299175
5 7850467514 6 748657 = 19394.86949436739
5 9902358419 6 748657 = 19394.86949436739
-21396058.444144 = 0.0
