0 975780 3 = 0.0
2 0 0 2 3 = 0.0
3 0 8699.000000 = -587530.4600000001
4 5668063187 0 975780 = -265500.0
4 8884428057 0 975780 = -265499.9999999999
4 8842526348 0 975780 = -265500.0
4 4375253885 0 975780 = -159300.0
4 3057698376 0 975780 = -159300.0
1 815042 0 = -209252.70858007716
5 5668063187 0 815042 = 7127129.365374533
5 8884428057 0 815042 = 7466516.478011416
5 8842526348 0 815042 = 1665259.4326716363
5 4375253885 0 815042 = 202727.2352817636
5 3057698376 0 815042 = 79823.84889219515
0 289578 3 = 0.0
2 1 0 2 3 = 0.0
3 1 5836.000000 = -473766.48000000045
4 5519675040 1 289578 = -265500.0
4 6328085424 1 289578 = -265500.0
4 1133812469 1 289578 = -265500.0
4 3070874480 1 289578 = -159300.0
4 5585279528 1 289578 = -159300.0
1 975780 1 = -158212.15954963677
5 5519675040 1 975780 = 2920506.081693407
5 6328085424 1 975780 = 2666549.0311113726
5 1133812469 1 975780 = 2793527.556402389
5 3070874480 1 975780 = 173325.68702223897
5 5585279528 1 975780 = 139993.82413334772
0 975780 3 = 0.0
2 2 0 2 3 = 0.0
3 2 5802.000000 = -391867.08000000194
4 5309005511 2 975780 = -265500.0
4 3820597161 2 975780 = -265500.0
4 5069817910 2 975780 = -265500.0
4 3982683114 2 975780 = -159300.0
4 8832329543 2 975780 = -159300.0
1 289578 2 = -160356.76016950607
5 5309005511 2 289578 = 1.3392266339287017E7
5 3820597161 2 289578 = 3856972.705714654
5 5069817910 2 289578 = 2999867.6600002944
5 3982683114 2 289578 = 439980.5901333764
5 8832329543 2 289578 = 519977.0610667169
0 978334 3 = 0.0
2 3 0 2 3 = 0.0
3 3 5423.000000 = -511822.73999999464
4 5939454550 3 978334 = -265500.0
4 2458992917 3 978334 = -265500.0
4 4367462596 3 978334 = -265500.0
4 8165714561 3 978334 = -159300.0
4 9144271695 3 978334 = -159300.0
1 643306 3 = -247460.62038529664
5 5939454550 3 643306 = 1.1998308303156748E7
5 2458992917 3 643306 = 1.1998308303156748E7
5 4367462596 3 643306 = 2559639.104673445
5 8165714561 3 643306 = 153578.3462804109
5 9144271695 3 643306 = 147179.24851872027
0 643306 3 = 0.0
2 4 0 2 3 = 0.0
3 4 5399.000000 = -339705.08000000566
4 4557690367 4 643306 = -265500.0
4 3037861780 4 643306 = -265500.0
4 1880225971 4 643306 = -265500.0
4 1963341072 4 643306 = -159299.99999999255
4 1275668124 4 643306 = -159300.0
1 978334 4 = -257185.66883715242
5 4557690367 4 978334 = 2742470.469292961
5 3037861780 4 978334 = 2879593.9927576184
5 1880225971 4 978334 = 2879593.9927576184
5 1963341072 4 978334 = 165576.65458357334
5 1275668124 4 978334 = 158377.66960164905
0 369129 0 = 0.0
2 5 0 4 6 = 0.0
3 5 4524.000000 = -159742.43999999762
4 6830029681 5 369129 = -24462.0
4 4015804376 5 369129 = -24462.0
4 2410604857 5 369129 = -24462.0
4 1337093397 5 369129 = -24462.0
4 6107883201 5 369129 = -24462.0
4 9089737353 5 369129 = -24462.0
4 2415145890 5 369129 = -14677.199999988079
4 7153747171 5 369129 = -14677.20000000298
4 7639448984 5 369129 = -14677.20000000298
4 4440026188 5 369129 = -14677.20000000298
1 484424 5 = -209536.9167702347
5 6830029681 5 484424 = 107288.92321512103
5 4015804376 5 484424 = 97959.45163118839
5 2410604857 5 484424 = 102624.18742315471
5 1337093397 5 484424 = 97959.45163118839
5 6107883201 5 484424 = 97959.45163118839
5 9089737353 5 484424 = 102624.18742315471
5 2415145890 5 484424 = 5142.871210634708
5 7153747171 5 484424 = 5632.668468788266
5 7639448984 5 484424 = 6612.262985110283
5 4440026188 5 484424 = 5632.668468788266
0 369129 0 = 0.0
2 6 1 1 7 = 0.0
3 6 4660.000000 = -164544.59999999404
4 7476218279 6 369129 = -24462.0
4 5798213614 6 369129 = -24462.0
4 4120761307 6 369129 = -24462.0
4 4378246206 6 369129 = -24462.0
4 7663529969 6 369129 = -24462.0
4 1511840067 6 369129 = -24462.0
4 3373877464 6 369129 = -24462.0
4 5240827281 6 369129 = -14677.20000000298
1 518628 6 = -234183.23505538702
5 7476218279 6 518628 = 629907.3312416673
5 5798213614 6 518628 = 692898.064365834
5 4120761307 6 518628 = 134380.23066489398
5 4378246206 6 518628 = 147818.25373138487
5 7663529969 6 518628 = 147818.25373138487
5 1511840067 6 518628 = 134380.23066489398
5 3373877464 6 518628 = 134380.23066489398
5 5240827281 6 518628 = 19753.893907740712
0 978334 0 = 0.0
2 7 2 6 5 = 0.0
3 7 4815.000000 = -454439.700000003
4 5567411816 7 978334 = -24462.0
4 7195058255 7 978334 = -24462.0
4 4450029093 7 978334 = -24462.0
4 5394019018 7 978334 = -24462.0
4 8911073986 7 978334 = -24462.0
4 4103085188 7 978334 = -14677.20000000298
4 2696157347 7 978334 = -14677.199999988079
4 1246175844 7 978334 = -14677.20000000298
4 8818102717 7 978334 = -14677.20000000298
4 7078760329 7 978334 = -14677.20000000298
4 1243949715 7 978334 = -14677.199999988079
1 158020 7 = -294053.969143644
5 5567411816 7 158020 = 2281922.614423409
5 7195058255 7 158020 = 425958.88802570105
5 4450029093 7 158020 = 486810.1577436626
5 5394019018 7 158020 = 446242.6445983499
5 8911073986 7 158020 = 446242.6445983499
5 4103085188 7 158020 = 26622.43050161004
5 2696157347 7 158020 = 23427.73884141445
5 1246175844 7 158020 = 23427.73884141445
5 8818102717 7 158020 = 23427.73884141445
5 7078760329 7 158020 = 31946.91660192609
5 1243949715 7 158020 = 28752.2249417305
0 518628 0 = 0.0
2 8 2 6 5 = 0.0
3 8 4708.000000 = -420518.5600000024
4 9128880444 8 518628 = -24462.0
4 5708777259 8 518628 = -24462.0
4 8277195521 8 518628 = -24462.0
4 4729760596 8 518628 = -24462.0
4 9755556502 8 518628 = -24462.0
4 4440352916 8 518628 = -14677.199999988079
4 7054515732 8 518628 = -14677.20000000298
4 7530502324 8 518628 = -14677.20000000298
4 5310514275 8 518628 = -14677.20000000298
4 4598162268 8 518628 = -14677.20000000298
4 1237051004 8 518628 = -14677.199999988079
1 369129 8 = -285689.1405066997
5 9128880444 8 369129 = 595262.428023383
5 5708777259 8 369129 = 623608.2579292506
5 8277195521 8 369129 = 126989.3179783225
5 4729760596 8 369129 = 133036.42835824192
5 9755556502 8 369129 = 120942.2075984031
5 4440352916 8 369129 = 6666.939193859696
5 7054515732 8 369129 = 6666.939193859696
5 7530502324 8 369129 = 6984.4124888032675
5 5310514275 8 369129 = 6666.939193859696
5 4598162268 8 369129 = 6666.939193859696
5 1237051004 8 369129 = 6984.4124888032675
0 716011 3 = 0.0
2 9 0 2 3 = 0.0
3 9 4786.000000 = -456967.2800000012
4 7770678801 9 716011 = -265500.0
4 4360539647 9 716011 = -265500.0
4 6983265904 9 716011 = -265500.0
4 1088308155 9 716011 = -159300.0
4 5653617909 9 716011 = -159300.0
1 978334 9 = -260474.89073587954
5 7770678801 9 978334 = 2.2191806667168856E7
5 4360539647 9 978334 = 4116740.9469530582
5 6983265904 9 978334 = 5557600.278386638
5 1088308155 9 978334 = 605160.9192021042
5 5653617909 9 978334 = 226935.3447007835
0 643306 0 = 0.0
2 10 2 6 5 = 0.0
3 10 4404.000000 = -277099.68000000715
4 5100598376 10 643306 = -24462.0
4 8432111641 10 643306 = -24462.0
4 7833071216 10 643306 = -24462.0
4 8272819155 10 643306 = -24462.0
4 5530731381 10 643306 = -24462.0
4 3467539109 10 643306 = -14677.20000000298
4 3791780464 10 643306 = -14677.199999988079
4 8169127534 10 643306 = -14677.20000000298
4 3706420779 10 643306 = -14677.20000000298
4 3174654437 10 643306 = -14677.20000000298
4 5240894764 10 643306 = -14677.199999988079
1 369129 10 = -281035.4664121717
5 5100598376 10 369129 = 87183.06544917822
5 8432111641 10 369129 = 83220.19883784652
5 7833071216 10 369129 = 99071.66528315842
5 8272819155 10 369129 = 79257.33222652972
5 5530731381 10 369129 = 79257.33222652972
5 3467539109 10 369129 = 4577.110936075449
5 3791780464 10 369129 = 4369.060438990593
5 8169127534 10 369129 = 4369.060438990593
5 3706420779 10 369129 = 4369.060438990593
5 3174654437 10 369129 = 4369.060438990593
5 5240894764 10 369129 = 4161.009941890836
0 518628 3 = 0.0
2 11 0 2 3 = 0.0
3 11 4728.000000 = -422304.96000000834
4 2431440452 11 518628 = -265500.0
4 7373536051 11 518628 = -265500.0
4 9055727832 11 518628 = -265500.0
4 7911579549 11 518628 = -159300.0
4 2347683732 11 518628 = -159300.0
1 643306 11 = -331252.91912050545
5 2431440452 11 643306 = 1.067788273826605E7
5 7373536051 11 643306 = 2386422.046901375
5 9055727832 11 643306 = 2386422.046901375
5 7911579549 11 643306 = 148066.64063727856
5 2347683732 11 643306 = 113897.41587483883
0 158020 0 = 0.0
2 12 1 1 7 = 0.0
3 12 3595.000000 = -307264.64999999106
4 1828543217 12 158020 = -24462.0
4 5441779837 12 158020 = -24462.0
4 9801844331 12 158020 = -24462.0
4 2829440751 12 158020 = -24462.0
4 5250781306 12 158020 = -24462.0
4 5914698799 12 158020 = -24462.0
4 6664306139 12 158020 = -24462.0
4 2262337109 12 158020 = -14677.20000000298
1 484424 12 = -300294.2010449022
5 1828543217 12 484424 = 1144329.2881334424
5 5441779837 12 484424 = 961236.6020320952
5 9801844331 12 484424 = 1373195.1457601488
5 2829440751 12 484424 = 224593.69495099783
5 5250781306 12 484424 = 214828.75169226527
5 5914698799 12 484424 = 234358.6382097304
5 6664306139 12 484424 = 214828.75169226527
5 2262337109 12 484424 = 10253.190421670675
0 978334 3 = 0.0
2 13 0 2 3 = 0.0
3 13 4595.000000 = -433676.09999999404
4 3322491569 13 978334 = -265500.0
4 3841425850 13 978334 = -265500.0
4 4202303763 13 978334 = -265500.0
4 5315912624 13 978334 = -159300.0
4 8772432253 13 978334 = -159300.0
1 484424 13 = -321775.2523280531
5 3322491569 13 484424 = 2298223.408932984
5 3841425850 13 484424 = 2193758.708526939
5 4202303763 13 484424 = 2298223.408932984
5 5315912624 13 484424 = 321751.27725061774
5 8772432253 13 484424 = 351001.39336431026
0 484424 3 = 0.0
2 14 0 2 3 = 0.0
3 14 4599.000000 = -207414.90000000596
4 1257222077 14 484424 = -265500.0
4 1616366058 14 484424 = -265500.0
4 8671215310 14 484424 = -265500.0
4 2250218365 14 484424 = -159300.0
4 6179655135 14 484424 = -159300.0
1 978334 14 = -326191.4094043374
5 1257222077 14 978334 = 1.5975753987877637E7
5 1616366058 14 978334 = 1.156864943949759E7
5 8671215310 14 978334 = 2585501.335049629
5 2250218365 14 978334 = 345516.9965929985
5 6179655135 14 978334 = 361970.1869069338
0 643306 3 = 0.0
2 15 1 7 1 = 0.0
3 15 4888.000000 = -307552.96000000834
4 1351061254 15 643306 = -265500.0
4 5674907231 15 643306 = -159300.0
4 2758436431 15 643306 = -159300.0
4 7299170673 15 643306 = -159300.0
4 9262121134 15 643306 = -159300.0
4 9863911727 15 643306 = -159300.0
4 6315789096 15 643306 = -159300.0
4 7306140378 15 643306 = -159300.0
1 975780 15 = -311404.44003915787
5 1351061254 15 975780 = 1384848.019132793
5 5674907231 15 975780 = 63979.97848394513
5 2758436431 15 975780 = 58163.61680358648
5 7299170673 15 975780 = 69796.34016430378
5 9262121134 15 975780 = 63979.97848394513
5 9863911727 15 975780 = 61071.797643750906
5 6315789096 15 975780 = 61071.797643750906
5 7306140378 15 975780 = 61071.797643750906
0 158020 3 = 0.0
2 16 0 2 3 = 0.0
3 16 4459.000000 = -381110.7299999893
4 4717199012 16 158020 = -265500.0
4 7147652998 16 158020 = -265500.0
4 8648424137 16 158020 = -265500.0
4 4194717877 16 158020 = -159300.0
4 2036276119 16 158020 = -159300.0
1 975780 16 = -306544.2738468647
5 4717199012 16 975780 = 9790318.974412233
5 7147652998 16 975780 = 9324113.308964014
5 8648424137 16 975780 = 9324113.308964014
5 4194717877 16 975780 = 306328.2025771737
5 2036276119 16 975780 = 278480.184161067
0 975780 3 = 0.0
2 17 0 2 3 = 0.0
3 17 4475.000000 = -302241.5
4 8250741782 17 975780 = -265500.0
4 8096281759 17 975780 = -265500.0
4 8653084169 17 975780 = -265500.0
4 4782487891 17 975780 = -159300.0
4 7449058690 17 975780 = -159300.0
1 158020 17 = -314791.7364138663
5 8250741782 17 158020 = 1.153859021984297E7
5 8096281759 17 158020 = 2349676.553858936
5 8653084169 17 158020 = 2237787.1941513717
5 4782487891 17 158020 = 129232.21046224236
5 7449058690 17 158020 = 170351.55015477538
0 815042 3 = 0.0
2 18 0 2 3 = 0.0
3 18 4446.000000 = -288545.40000000596
4 9391144225 18 815042 = -265500.0
4 8668880664 18 815042 = -265500.0
4 6502974612 18 815042 = -265500.0
4 8964428868 18 815042 = -159300.0
4 1003733392 18 815042 = -159300.0
1 716011 18 = -316617.2372402251
5 9391144225 18 716011 = 1.2036684841477573E7
5 8668880664 18 716011 = 1.0990016594392568E7
5 6502974612 18 716011 = 2567826.0995152295
5 8964428868 18 716011 = 175840.26551029086
5 1003733392 18 716011 = 128949.52804088593
0 716011 3 = 0.0
2 19 0 2 3 = 0.0
3 19 4447.000000 = -424599.5600000024
4 2270730506 19 716011 = -265500.0
4 1551854229 19 716011 = -265500.0
4 8974042886 19 716011 = -265500.0
4 4375895581 19 716011 = -159300.0
4 2090867002 19 716011 = -159300.0
1 815042 19 = -340221.2222946882
5 2270730506 19 815042 = 1.0234089527053386E7
5 1551854229 19 815042 = 9768903.639460087
5 8974042886 19 815042 = 1.1629647189833403E7
5 4375895581 19 815042 = 291764.58869856596
5 2090867002 19 815042 = 291764.58869856596
0 975780 0 = 0.0
2 20 2 6 5 = 0.0
3 20 3516.000000 = -237470.6400000155
4 2287247932 20 975780 = -24462.0
4 4202078745 20 975780 = -24462.0
4 9939264004 20 975780 = -24462.0
4 8718263759 20 975780 = -24462.0
4 6228122774 20 975780 = -24462.0
4 9779634936 20 975780 = -14677.199999988079
4 7937084816 20 975780 = -14677.199999988079
4 5610993849 20 975780 = -14677.200000017881
4 6932287505 20 975780 = -14677.199999988079
4 6837743320 20 975780 = -14677.200000017881
4 7313928363 20 975780 = -14677.199999988079
1 484424 20 = -320935.77059698105
5 2287247932 20 484424 = 536629.1911498308
5 4202078745 20 484424 = 491910.09188735485
5 9939264004 20 484424 = 104940.81960260868
5 8718263759 20 484424 = 95400.74509328604
5 6228122774 20 484424 = 143101.11763995886
5 9779634936 20 484424 = 5008.539117395878
5 7937084816 20 484424 = 6260.673896729946
5 5610993849 20 484424 = 5509.393029153347
5 6932287505 20 484424 = 7512.808676123619
5 6837743320 20 484424 = 5509.393029153347
5 7313928363 20 484424 = 7262.3817202448845
0 975780 3 = 0.0
2 21 0 2 3 = 0.0
3 21 4372.000000 = -295284.87999999523
4 4051969004 21 975780 = -265500.0
4 3515778535 21 975780 = -265500.0
4 6981438815 21 975780 = -265500.0
4 9314447726 21 975780 = -159300.0
4 8043640100 21 975780 = -159300.0
1 369129 21 = -302579.0517755151
5 4051969004 21 369129 = 3769855.5246587396
5 3515778535 21 369129 = 804235.8452605009
5 6981438815 21 369129 = 840792.0200451016
5 9314447726 21 369129 = 47979.979404747486
5 8043640100 21 369129 = 38383.98352378607
0 369129 3 = 0.0
2 22 0 2 3 = 0.0
3 22 4387.000000 = -154904.9699999988
4 7574058091 22 369129 = -265500.0
4 9183153248 22 369129 = -265500.0
4 6682925875 22 369129 = -265500.0
4 6112648824 22 369129 = -159300.0
4 2898005920 22 369129 = -159300.0
1 975780 22 = -308083.1809204519
5 7574058091 22 975780 = 4198248.197915435
5 9183153248 22 975780 = 4598081.359621644
5 6682925875 22 975780 = 4398164.778768539
5 6112648824 22 975780 = 149271.04703700542
5 2898005920 22 975780 = 125387.67951107025
0 975780 3 = 0.0
2 23 2 4 2 = 0.0
3 23 4835.000000 = -326555.89999997616
4 6755681523 23 975780 = -265500.0
4 2225638781 23 975780 = -265500.0
4 1996979989 23 975780 = -159300.0
4 6643580264 23 975780 = -159300.0
4 2968681517 23 975780 = -159300.0
4 8798467438 23 975780 = -159300.0
1 643306 23 = -371152.28437149525
5 6755681523 23 643306 = 1218666.2568368316
5 2225638781 23 643306 = 1274060.177602172
5 1996979989 23 643306 = 61071.79764378071
5 6643580264 23 643306 = 63979.97848391533
5 2968681517 23 643306 = 72704.521004498
5 8798467438 23 643306 = 63979.97848391533
0 978334 3 = 0.0
2 24 2 4 2 = 0.0
3 24 4795.000000 = -452552.09999996424
4 7751624427 24 978334 = -265500.0
4 3896477451 24 978334 = -265500.0
4 2894764939 24 978334 = -159300.0
4 2839931915 24 978334 = -159300.0
4 7742599882 24 978334 = -159300.0
4 5736120354 24 978334 = -159300.0
1 716011 24 = -399017.8456761241
5 7751624427 24 716011 = 5145926.183691323
5 3896477451 24 716011 = 4322577.994300723
5 2894764939 24 716011 = 226935.3447008133
5 2839931915 24 716011 = 324193.34957253933
5 7742599882 24 716011 = 237741.78968656063
5 5736120354 24 716011 = 216128.89971500635
0 643306 3 = 0.0
2 25 2 4 2 = 0.0
3 25 4770.000000 = -300128.40000003576
4 1163641182 25 643306 = -265500.0
4 7594154510 25 643306 = -265500.0
4 6983202994 25 643306 = -159300.0
4 4642394706 25 643306 = -159300.0
4 1046599505 25 643306 = -159300.0
4 2945997317 25 643306 = -159300.0
1 518628 25 = -442661.81572026014
5 1163641182 25 518628 = 2562691.8571838737
5 7594154510 25 518628 = 2562691.8571838737
5 6983202994 25 518628 = 134541.32250213623
5 4642394706 25 518628 = 134541.32250213623
5 1046599505 25 518628 = 134541.32250213623
5 2945997317 25 518628 = 134541.32250213623
0 518628 0 = 0.0
2 26 2 6 5 = 0.0
3 26 3258.000000 = -291004.5600000024
4 9642339308 26 518628 = -24462.0
4 7643314644 26 518628 = -24462.0
4 4882758733 26 518628 = -24462.0
4 5004207056 26 518628 = -24462.0
4 6286317329 26 518628 = -24462.0
4 9291409294 26 518628 = -14677.200000047684
4 7814183312 26 518628 = -14677.199999988079
4 1169228261 26 518628 = -14677.199999988079
4 1357611560 26 518628 = -14677.199999988079
4 9267731614 26 518628 = -14677.200000047684
4 9771869081 26 518628 = -14677.199999988079
1 158020 26 = -462117.3816230893
5 9642339308 26 158020 = 2054708.7952116728
5 7643314644 26 158020 = 488915.3235785961
5 4882758733 26 158020 = 354042.1308672428
5 5004207056 26 158020 = 370901.279956162
5 6286317329 26 158020 = 404619.5781340003
5 9291409294 26 158020 = 18587.21187055111
5 7814183312 26 158020 = 19472.317197680473
5 1169228261 26 158020 = 18587.21187055111
5 1357611560 26 158020 = 26553.15981501341
5 9267731614 26 158020 = 19472.317197680473
5 9771869081 26 158020 = 20357.422524869442
0 815042 3 = 0.0
2 27 0 2 3 = 0.0
3 27 4275.000000 = -277447.5
4 3878929742 27 815042 = -265500.0
4 5121383256 27 815042 = -265500.0
4 1097491273 27 815042 = -265500.0
4 4310021660 27 815042 = -159300.0
4 6233355795 27 815042 = -159300.0
1 484424 27 = -421159.07151019573
5 3878929742 27 484424 = 4343469.925670028
5 5121383256 27 484424 = 1111928.300971508
5 1097491273 27 484424 = 1019267.6092239022
5 4310021660 27 484424 = 142697.46529132128
5 6233355795 27 484424 = 155669.9621360302
0 978334 3 = 0.0
2 28 0 2 3 = 0.0
3 28 4226.000000 = -398849.87999999523
4 7925144868 28 978334 = -265500.0
4 9084743531 28 978334 = -265500.0
4 3391742557 28 978334 = -265500.0
4 8494990043 28 978334 = -159300.0
4 7605767505 28 978334 = -159300.0
1 518628 28 = -469939.6654638648
5 7925144868 28 518628 = 1.7651794169126272E7
5 9084743531 28 518628 = 3594547.176258445
5 3391742557 28 518628 = 3936885.0025687814
5 8494990043 28 518628 = 551163.9003596306
5 7605767505 28 518628 = 179727.3588129282
0 518628 3 = 0.0
2 29 0 2 3 = 0.0
3 29 4221.000000 = -377019.719999969
4 5276275940 29 518628 = -265500.0
4 1259193337 29 518628 = -265500.0
4 8472643063 29 518628 = -265500.0
4 6426562704 29 518628 = -159300.0
4 5430615056 29 518628 = -159300.0
1 978334 29 = -503197.07523167133
5 5276275940 29 978334 = 3594547.176258445
5 1259193337 29 978334 = 3765716.0894135833
5 8472643063 29 978334 = 3936885.0025687814
5 6426562704 29 978334 = 527200.252517879
5 5430615056 29 978334 = 599091.1960430741
0 484424 0 = 0.0
2 30 5 5 5 = 0.0
3 30 3684.000000 = -166148.40000003576
4 4440436515 30 484424 = -24462.0
4 3908597963 30 484424 = -24462.0
4 6157554516 30 484424 = -24462.0
4 6211241796 30 484424 = -24462.0
4 4332208575 30 484424 = -24462.0
4 5531202999 30 484424 = -14677.199999988079
4 1069447657 30 484424 = -14677.199999988079
4 1609326797 30 484424 = -14677.199999988079
4 7380534492 30 484424 = -14677.200000047684
4 7517298143 30 484424 = -14677.199999988079
1 158020 30 = -471948.189057827
5 4440436515 30 158020 = 1132885.9952521324
5 3908597963 30 158020 = 230696.7844877243
5 6157554516 30 158020 = 219711.22332161665
5 6211241796 30 158020 = 219711.22332161665
5 4332208575 30 158020 = 252667.90681988
5 5531202999 30 158020 = 12111.5811855793
5 1069447657 30 158020 = 12111.5811855793
5 1609326797 30 158020 = 12688.323146820068
5 7380534492 30 158020 = 15572.032952904701
5 7517298143 30 158020 = 12688.323146820068
0 643306 3 = 0.0
2 31 4 6 1 = 0.0
3 31 5485.000000 = -345116.2000000477
4 3203228844 31 643306 = -265500.0
4 6387601034 31 643306 = -159300.0
4 7278455687 31 643306 = -159300.0
4 6490817609 31 643306 = -159300.0
4 6772557490 31 643306 = -159300.0
4 2450158947 31 643306 = -159300.0
4 8540531415 31 643306 = -159300.0
1 815042 31 = -494898.74019753933
5 3203228844 31 815042 = 1284806.4057786465
5 6387601034 31 815042 = 67452.33630335331
5 7278455687 31 815042 = 64240.320288956165
5 6490817609 31 815042 = 86724.4323900342
5 6772557490 31 815042 = 67452.33630335331
5 2450158947 31 815042 = 86724.4323900342
5 8540531415 31 815042 = 73876.36833226681
0 289578 3 = 0.0
2 32 0 2 3 = 0.0
3 32 4140.000000 = -336085.1999999881
4 9735144767 32 289578 = -265500.0
4 9294542453 32 289578 = -265500.0
4 3151181146 32 289578 = -265500.0
4 6336909431 32 289578 = -159300.0
4 5144431989 32 289578 = -159300.0
1 484424 32 = -414603.05648851395
5 9735144767 32 484424 = 8373729.636141896
5 9294542453 32 484424 = 8792416.11794889
5 3151181146 32 484424 = 1786395.6557103395
5 6336909431 32 484424 = 275104.93097937107
5 5144431989 32 484424 = 262600.1613893509
0 484424 3 = 0.0
2 33 0 2 3 = 0.0
3 33 4172.000000 = -188157.19999998808
4 5132652857 33 484424 = -265500.0
4 1578731895 33 484424 = -265500.0
4 2396657640 33 484424 = -265500.0
4 8566113975 33 484424 = -159300.0
4 1622762094 33 484424 = -159300.0
1 289578 33 = -422325.19081544876
5 5132652857 33 289578 = 1.083351271675849E7
5 1578731895 33 289578 = 1.0362490424725533E7
5 2396657640 33 289578 = 2110179.8683077693
5 8566113975 33 289578 = 121335.34242767096
5 1622762094 33 289578 = 116059.89275693893
0 716011 3 = 0.0
2 34 0 2 3 = 0.0
3 34 4134.000000 = -394714.31999999285
4 1537047015 34 716011 = -265500.0
4 3339214228 34 716011 = -265500.0
4 7312602459 34 716011 = -265500.0
4 1591312325 34 716011 = -159300.0
4 5093512908 34 716011 = -159300.0
1 643306 34 = -471809.526856184
5 1537047015 34 643306 = 8722345.208449364
5 3339214228 34 643306 = 1.0383744295773089E7
5 7312602459 34 643306 = 2569630.588393986
5 1591312325 34 643306 = 272912.490077734
5 5093512908 34 643306 = 272912.490077734
0 518628 3 = 0.0
2 35 0 2 3 = 0.0
3 35 4149.000000 = -370588.68000000715
4 8353133981 35 518628 = -265500.0
4 7271731660 35 518628 = -265500.0
4 4453899490 35 518628 = -265500.0
4 3179325880 35 518628 = -159300.0
4 6810074238 35 518628 = -159300.0
1 289578 35 = -498015.0827932358
5 8353133981 35 289578 = 3283647.026409507
5 7271731660 35 289578 = 4761288.188293815
5 4453899490 35 289578 = 3612011.7290504575
5 3179325880 35 289578 = 181011.0423308015
5 6810074238 35 289578 = 224108.90955245495
0 289578 3 = 0.0
2 36 0 2 3 = 0.0
3 36 4087.000000 = -331782.6599999666
4 7469206872 36 289578 = -265500.0
4 4083381165 36 289578 = -265500.0
4 8626759653 36 289578 = -265500.0
4 9498894382 36 289578 = -159300.0
4 5524564835 36 289578 = -159300.0
1 716011 36 = -445180.9451543689
5 7469206872 36 716011 = 1.6671324044034421E7
5 4083381165 36 716011 = 1.5155749130940378E7
5 8626759653 36 716011 = 1.59135365874874E7
5 9498894382 36 716011 = 195206.0488064885
5 5524564835 36 716011 = 186718.82929319143
0 643306 3 = 0.0
2 37 2 4 2 = 0.0
3 37 4448.000000 = -279868.1600000262
4 6307957078 37 643306 = -265500.0
4 4652081282 37 643306 = -265500.0
4 4994539444 37 643306 = -159300.0
4 9334556896 37 643306 = -159300.0
4 4302596331 37 643306 = -159300.0
4 9583661982 37 643306 = -159300.0
1 484424 37 = -533837.94226861
5 6307957078 37 484424 = 4883799.555257797
5 4652081282 37 484424 = 1041877.2384549975
5 4994539444 37 484424 = 57303.24811500311
5 9334556896 37 484424 = 54698.555018901825
5 4302596331 37 484424 = 54698.555018901825
5 9583661982 37 484424 = 54698.555018901825
0 369129 0 = 0.0
2 38 7 7 4 = 0.0
3 38 3898.000000 = -137638.37999999523
4 3692150962 38 369129 = -24462.0
4 8839746862 38 369129 = -24462.0
4 1430516373 38 369129 = -24462.0
4 3211039369 38 369129 = -24462.0
4 1806017429 38 369129 = -14677.199999988079
4 6665396025 38 369129 = -14677.199999988079
4 6289907318 38 369129 = -14677.200000047684
4 8104951735 38 369129 = -14677.199999988079
4 3907051078 38 369129 = -14677.199999988079
4 7113617062 38 369129 = -14677.200000047684
4 8134285825 38 369129 = -14677.199999988079
1 716011 38 = -458343.61314082146
5 3692150962 38 716011 = 150539.978223145
5 8839746862 38 716011 = 125449.98185265064
5 1430516373 38 716011 = 125449.98185265064
5 3211039369 38 716011 = 125449.98185265064
5 1806017429 38 716011 = 6915.430249631405
5 6665396025 38 716011 = 7244.736451983452
5 6289907318 38 716011 = 7574.042654335499
5 8104951735 38 716011 = 7244.736451983452
5 3907051078 38 716011 = 7244.736451983452
5 7113617062 38 716011 = 6915.430249631405
5 8134285825 38 716011 = 6586.124047279358
0 815042 0 = 0.0
2 39 7 7 4 = 0.0
3 39 3617.000000 = -234743.30000001192
4 4822032699 39 815042 = -24462.0
4 8448633636 39 815042 = -24462.0
4 8214860849 39 815042 = -24462.0
4 2830989159 39 815042 = -24462.0
4 7188640479 39 815042 = -14677.199999988079
4 2807005170 39 815042 = -14677.200000047684
4 6241251544 39 815042 = -14677.199999988079
4 4624654204 39 815042 = -14677.199999988079
4 7657580691 39 815042 = -14677.199999988079
4 8707375054 39 815042 = -14677.200000047684
4 9420054662 39 815042 = -14677.199999988079
1 158020 39 = -558830.7974411845
5 4822032699 39 158020 = 229584.4291356802
5 8448633636 39 158020 = 229584.4291356802
5 8214860849 39 158020 = 295179.9803173542
5 2830989159 39 158020 = 229584.4291356802
5 7188640479 39 158020 = 12627.143602490425
5 2807005170 39 158020 = 13201.104675292969
5 6241251544 39 158020 = 16070.9100394845
5 4624654204 39 158020 = 12053.182529628277
5 7657580691 39 158020 = 16644.87111234665
5 8707375054 39 158020 = 12053.182529628277
5 9420054662 39 158020 = 12627.143602490425
0 518628 3 = 0.0
2 40 0 2 3 = 0.0
3 40 3872.000000 = -345847.04000002146
4 6753073382 40 518628 = -265500.0
4 9244220957 40 518628 = -265500.0
4 3444206953 40 518628 = -265500.0
4 1003945299 40 518628 = -159300.0
4 8231243284 40 518628 = -159300.0
1 815042 40 = -572279.7266141772
5 6753073382 40 815042 = 7702351.205246389
5 9244220957 40 815042 = 8069129.834067643
5 3444206953 40 815042 = 1721414.3646010756
5 1003945299 40 815042 = 94482.17478436232
5 8231243284 40 815042 = 90374.25414156914
0 815042 3 = 0.0
2 41 7 5 1 = 0.0
3 41 8705.000000 = -564954.5
4 2475074275 41 815042 = -265500.0
4 8984518100 41 815042 = -159300.0
4 2799815132 41 815042 = -159300.0
4 8986286795 41 815042 = -159300.0
4 2612145898 41 815042 = -159300.0
4 1859412879 41 815042 = -159300.0
1 975780 41 = -550835.1473882198
5 2475074275 41 975780 = 1520454.2646132112
5 8984518100 41 975780 = 76022.7132306695
5 2799815132 41 975780 = 102630.6628614068
5 8986286795 41 975780 = 76022.7132306695
5 2612145898 41 975780 = 76022.7132306695
5 1859412879 41 975780 = 83624.98455375433
0 643306 3 = 0.0
2 42 2 4 2 = 0.0
3 42 4163.000000 = -261935.95999997854
4 5957114276 42 643306 = -265500.0
4 6150851908 42 643306 = -265500.0
4 6495110504 42 643306 = -159300.0
4 7125310167 42 643306 = -159300.0
4 2626799622 42 643306 = -159300.0
4 2134739442 42 643306 = -159300.0
1 716011 42 = -562743.0367168784
5 5957114276 42 716011 = 2392414.6857461333
5 6150851908 42 716011 = 2392414.6857460737
5 6495110504 42 716011 = 136068.58525180817
5 7125310167 42 716011 = 109901.54962646961
5 2626799622 42 716011 = 109901.54962646961
5 2134739442 42 716011 = 115134.956751585
0 158020 3 = 0.0
2 43 0 2 3 = 0.0
3 43 3761.000000 = -321452.6700000167
4 3983360001 43 158020 = -265500.0
4 3039427567 43 158020 = -265500.0
4 6886975964 43 158020 = -265500.0
4 1169585953 43 158020 = -159300.0
4 1226466864 43 158020 = -159300.0
1 643306 43 = -611191.3339968324
5 3983360001 43 643306 = 7718435.258426905
5 3039427567 43 643306 = 1571754.088988781
5 6886975964 43 643306 = 1571754.088988781
5 1169585953 43 643306 = 90375.86011683941
5 1226466864 43 643306 = 86446.47489440441
0 643306 3 = 0.0
2 44 0 2 3 = 0.0
3 44 3752.000000 = -236075.84000003338
4 2598259366 44 643306 = -265500.0
4 3003036155 44 643306 = -265500.0
4 7390420133 44 643306 = -265500.0
4 9470790313 44 643306 = -159300.0
4 9321726844 44 643306 = -159300.0
1 158020 44 = -626362.6344408989
5 2598259366 44 158020 = 9077932.377808928
5 3003036155 44 158020 = 8683239.665730357
5 7390420133 44 158020 = 1684022.2382022142
5 9470790313 44 158020 = 259339.42468309402
5 9321726844 44 158020 = 318280.20302021503
0 484424 0 = 0.0
2 45 9 9 3 = 0.0
3 45 3540.000000 = -159654.0
4 9729511011 45 484424 = -24462.0
4 8815790025 45 484424 = -24462.0
4 6353230439 45 484424 = -24462.0
4 2684914253 45 484424 = -14677.199999988079
4 6855821551 45 484424 = -14677.199999988079
4 2687948443 45 484424 = -14677.200000047684
4 9843010050 45 484424 = -14677.199999988079
4 5336722119 45 484424 = -14677.199999988079
4 9725574823 45 484424 = -14677.200000047684
4 3194317599 45 484424 = -14677.199999988079
4 7208973515 45 484424 = -14677.199999988079
4 6390891834 45 484424 = -14677.199999988079
1 975780 45 = -523613.73285776377
5 9729511011 45 975780 = 491910.09188735485
5 8815790025 45 975780 = 104940.81960260868
5 6353230439 45 975780 = 95400.74509334564
5 2684914253 45 975780 = 6010.246940851212
5 6855821551 45 975780 = 5258.966073274612
5 2687948443 45 975780 = 7011.95476436615
5 9843010050 45 975780 = 5509.393029093742
5 5336722119 45 975780 = 5759.819985032082
5 9725574823 45 975780 = 5759.819985032082
5 3194317599 45 975780 = 5759.819985032082
5 7208973515 45 975780 = 5509.393029093742
5 6390891834 45 975780 = 5258.966073274612
0 484424 3 = 0.0
2 46 3 1 3 = 0.0
3 46 4239.000000 = -191178.89999997616
4 3620037108 46 484424 = -265500.0
4 9985293432 46 484424 = -265500.0
4 9733231846 46 484424 = -265500.0
4 9288672403 46 484424 = -159300.0
1 815042 46 = -582022.6656886935
5 3620037108 46 815042 = 4343469.925670028
5 9985293432 46 815042 = 4343469.925670028
5 9733231846 46 815042 = 1158258.6468453407
5 9288672403 46 815042 = 136211.21686899662
0 815042 3 = 0.0
2 47 6 8 0 = 0.0
3 47 5519.000000 = -358183.09999996424
4 9218342262 47 815042 = -159300.0
4 1333370751 47 815042 = -159300.0
4 3902087346 47 815042 = -159300.0
4 6714528284 47 815042 = -159300.0
4 3106931091 47 815042 = -159300.0
4 7449922209 47 815042 = -159300.0
4 3865001876 47 815042 = -159300.0
4 3998034866 47 815042 = -159300.0
1 643306 47 = -672638.4608722329
5 9218342262 47 643306 = 73876.36833226681
5 1333370751 47 643306 = 64240.32028889656
5 3902087346 47 643306 = 64240.32028889656
5 6714528284 47 643306 = 64240.32028889656
5 3106931091 47 643306 = 80300.4003611803
5 7449922209 47 643306 = 67452.33630335331
5 3865001876 47 643306 = 67452.33630335331
5 3998034866 47 643306 = 70664.35231781006
0 978334 2 = 0.0
2 48 15 7 1 = 0.0
3 48 46123.000000 = -4353088.74000001
4 5147252755 48 978334 = -83362.5
4 4999435229 48 978334 = -50017.5
4 4279462751 48 978334 = -50017.5
4 4868396334 48 978334 = -50017.5
4 7944232582 48 978334 = -50017.5
4 6925371302 48 978334 = -50017.5
4 6305366028 48 978334 = -50017.5
4 9977079124 48 978334 = -50017.5
1 975780 48 = -521665.97159540653
5 5147252755 48 975780 = 1241803.3965718746
5 4999435229 48 975780 = 71403.69530284405
5 4279462751 48 975780 = 68299.18681144714
5 4868396334 48 975780 = 68299.18681144714
5 7944232582 48 975780 = 62090.169828653336
5 6925371302 48 975780 = 65194.67832005024
5 6305366028 48 975780 = 62090.169828653336
5 9977079124 48 975780 = 68299.18681144714
0 978334 3 = 0.0
2 49 0 2 3 = 0.0
3 49 3636.000000 = -343165.68000000715
4 6296900579 49 978334 = -265500.0
4 4730346716 49 978334 = -265500.0
4 5532855146 49 978334 = -265500.0
4 9287352191 49 978334 = -159300.0
4 2524031972 49 978334 = -159300.0
1 369129 49 = -565713.5659837723
5 6296900579 49 369129 = 4317013.208682656
5 4730346716 49 369129 = 3941620.7557537556
5 5532855146 49 369129 = 840879.0945608616
5 9287352191 49 369129 = 117723.07323849201
5 2524031972 49 369129 = 145752.37639057636
0 815042 3 = 0.0
2 50 2 4 2 = 0.0
3 50 3851.000000 = -249929.89999997616
4 7416547842 50 815042 = -265500.0
4 2893917884 50 815042 = -265500.0
4 8130243744 50 815042 = -159300.0
4 1048280083 50 815042 = -159300.0
4 4130427205 50 815042 = -159300.0
4 8177445543 50 815042 = -159300.0
1 518628 50 = -645021.6769738793
5 7416547842 50 518628 = 2024618.031093359
5 2893917884 50 518628 = 2640806.127513051
5 8130243744 50 518628 = 97049.6251860857
5 1048280083 50 518628 = 97049.6251860857
5 4130427205 50 518628 = 92428.21446299553
5 8177445543 50 518628 = 124778.08952498436
0 369129 3 = 0.0
2 51 0 2 3 = 0.0
3 51 3545.000000 = -125173.94999998808
4 5826173999 51 369129 = -265500.0
4 7322602893 51 369129 = -265500.0
4 1742859597 51 369129 = -265500.0
4 7507937994 51 369129 = -159300.0
4 4417559589 51 369129 = -159300.0
1 815042 51 = -578967.7316279411
5 5826173999 51 815042 = 2905646.863434911
5 7322602893 51 815042 = 2767282.727080822
5 1742859597 51 815042 = 708424.3781327009
5 7507937994 51 815042 = 86781.98632121086
5 4417559589 51 815042 = 90914.46186041832
0 815042 3 = 0.0
2 52 0 2 3 = 0.0
3 52 3517.000000 = -228253.29999995232
4 1747038815 52 815042 = -265500.0
4 8770938937 52 815042 = -265500.0
4 1145665024 52 815042 = -265500.0
4 3805375518 52 815042 = -159300.0
4 5020598699 52 815042 = -159300.0
1 289578 52 = -611537.3009473085
5 1747038815 52 289578 = 8057749.5993670225
5 8770938937 52 289578 = 7357075.721161246
5 1145665024 52 289578 = 1644248.034189701
5 3805375518 52 289578 = 219731.32820534706
5 5020598699 52 289578 = 209267.93162417412
529374008.752564 = 0.0
