0 142688 2 = 0.0
2 0 19 7 5 = 0.0
3 0 45625.000000 = -4908337.5
4 9889713524 0 142688 = -75667.5
4 9516651907 0 142688 = -75667.5
4 8204514431 0 142688 = -75667.5
4 1883043024 0 142688 = -75667.5
4 8605905816 0 142688 = -75667.5
4 8539553496 0 142688 = -45400.5
4 1305002469 0 142688 = -45400.5
4 8478149387 0 142688 = -45400.5
4 1235702121 0 142688 = -45400.5
4 2768567912 0 142688 = -45400.5
4 6351042835 0 142688 = -45400.5
4 9056793110 0 142688 = -45400.5
1 390562 0 = -116170.3518201271
5 9889713524 0 390562 = 4617474.695537157
5 9516651907 0 390562 = 3540063.933245154
5 8204514431 0 390562 = 3386148.110060582
5 1883043024 0 390562 = 722378.2634795904
5 8605905816 0 390562 = 788049.0147050079
5 8539553496 0 390562 = 43096.43049168028
5 1305002469 0 390562 = 36201.001613011584
5 8478149387 0 390562 = 37924.858832677826
5 1235702121 0 390562 = 34477.14439334348
5 2768567912 0 390562 = 36201.001613011584
5 6351042835 0 390562 = 39648.71605234593
5 9056793110 0 390562 = 36201.001613011584
0 390562 2 = 0.0
2 1 31 9 5 = 0.0
3 1 45559.000000 = -1904366.2000000002
4 4993634852 1 390562 = -75667.5
4 9692827940 1 390562 = -75667.5
4 7610343570 1 390562 = -75667.5
4 9569644667 1 390562 = -75667.5
4 5726260780 1 390562 = -75667.5
4 4966799376 1 390562 = -45400.5
4 2637230443 1 390562 = -45400.5
4 9473733666 1 390562 = -45400.5
4 1401351860 1 390562 = -45400.5
4 8884161787 1 390562 = -45400.5
4 1941084452 1 390562 = -45400.5
4 1582397570 1 390562 = -45400.5
4 8458966808 1 390562 = -45400.5
4 6419198422 1 390562 = -45400.5
1 142688 1 = -116606.88785813935
5 4993634852 1 142688 = 3762386.7889562026
5 9692827940 1 142688 = 912093.7670196854
5 7610343570 1 142688 = 766158.7642965354
5 9569644667 1 142688 = 729675.0136157498
5 5726260780 1 142688 = 839126.2656581104
5 4966799376 1 142688 = 40223.335125569254
5 2637230443 1 142688 = 40223.335125569254
5 9473733666 1 142688 = 42138.73203631118
5 1401351860 1 142688 = 40223.335125569254
5 8884161787 1 142688 = 40223.335125569254
5 1941084452 1 142688 = 40223.335125569254
5 1582397570 1 142688 = 44054.12894704938
5 8458966808 1 142688 = 51715.71659001708
5 6419198422 1 142688 = 42138.73203631118
0 282577 2 = 0.0
2 2 21 7 4 = 0.0
3 2 48249.000000 = -3189741.3900000006
4 7576683454 2 282577 = -75667.5
4 7163929909 2 282577 = -75667.5
4 5030554526 2 282577 = -75667.5
4 4404542290 2 282577 = -75667.5
4 1698917200 2 282577 = -45400.5
4 7467161107 2 282577 = -45400.5
4 4290554033 2 282577 = -45400.5
4 8712249944 2 282577 = -45400.5
4 2618184547 2 282577 = -45400.5
4 4595203659 2 282577 = -45400.5
4 6918596019 2 282577 = -45400.5
1 390562 2 = -151351.86582305282
5 7576683454 2 390562 = 2697582.1475404613
5 7163929909 2 390562 = 483406.72083925083
5 5030554526 2 390562 = 506426.0884982608
5 4404542290 2 390562 = 667561.6621113457
5 1698917200 2 390562 = 25378.852844059467
5 7467161107 2 390562 = 25378.852844059467
5 4290554033 2 390562 = 36255.50406294316
5 8712249944 2 390562 = 30212.920052453876
5 2618184547 2 390562 = 25378.852844059467
5 4595203659 2 390562 = 27795.88644825667
5 6918596019 2 390562 = 25378.852844059467
0 796980 3 = 0.0
2 3 0 2 3 = 0.0
0 142688 3 = 0.0
2 4 0 2 3 = 0.0
3 4 9950.000000 = -1070421.0
4 4972152521 4 142688 = -253800.0
4 5092151464 4 142688 = -253800.0
4 2573950991 4 142688 = -253800.0
4 7993990055 4 142688 = -152280.0
4 1318009481 4 142688 = -152280.0
1 589264 4 = -265007.9473024886
5 4972152521 4 589264 = 8659724.48013007
5 5092151464 4 589264 = 8266100.640124157
5 2573950991 4 589264 = 9446972.160141893
5 7993990055 4 589264 = 258637.10447321832
5 1318009481 4 589264 = 101397.50118552148
0 589264 3 = 0.0
2 5 0 10 0 = 0.0
0 589264 3 = 0.0
2 6 2 4 2 = 0.0
0 589264 3 = 0.0
2 7 0 2 3 = 0.0
3 7 6074.000000 = -210464.09999999404
4 6983030777 7 589264 = -253800.0
4 7595879121 7 589264 = -253800.0
4 3381676302 7 589264 = -253800.0
4 1129119953 7 589264 = -152280.0
4 5643793639 7 589264 = -152280.0
1 282577 7 = -283450.5671625212
5 6983030777 7 282577 = 5555727.539005943
5 7595879121 7 282577 = 1298100.148796305
5 3381676302 7 282577 = 1241661.011892125
5 1129119953 7 282577 = 173832.5416648984
5 5643793639 7 282577 = 82965.53124915808
0 796980 3 = 0.0
2 8 0 2 3 = 0.0
3 8 5745.000000 = -302072.1000000015
4 7193075515 8 796980 = -253800.0
4 8674631191 8 796980 = -253800.0
4 1892546403 8 796980 = -253800.0
4 7057718662 8 796980 = -152280.0
4 8229783846 8 796980 = -152280.0
1 390562 8 = -223806.95131111145
5 7193075515 8 390562 = 4643094.556523278
5 8674631191 8 390562 = 943358.894023776
5 1892546403 8 390562 = 1037694.7834261507
5 7057718662 8 390562 = 74289.51290437579
5 8229783846 8 390562 = 59431.61032348871
0 390562 3 = 0.0
2 9 0 2 3 = 0.0
3 9 5749.000000 = -240308.19999999553
4 1499895151 9 390562 = -253800.0
4 6969446155 9 390562 = -253800.0
4 5431285546 9 390562 = -253800.0
4 4715259481 9 390562 = -152280.0
4 5571238937 9 390562 = -152280.0
1 796980 9 = -229320.8530684784
5 1499895151 9 796980 = 5932843.044446409
5 6969446155 9 796980 = 5932843.044446394
5 5431285546 9 796980 = 1100585.376361072
5 4715259481 9 796980 = 169490.14795960486
5 5571238937 9 796980 = 69336.87871074677
0 731878 3 = 0.0
2 10 0 2 3 = 0.0
3 10 5584.000000 = -239553.60000000894
4 8434264232 10 731878 = -253800.0
4 1326024590 10 731878 = -253800.0
4 6552313344 10 731878 = -253800.0
4 9181003496 10 731878 = -152280.0
4 6397227734 10 731878 = -152280.0
1 390562 10 = -224744.44273628294
5 8434264232 10 390562 = 4000756.5889591426
5 1326024590 10 390562 = 3818904.016733721
5 6552313344 10 390562 = 5455577.166762471
5 9181003496 10 390562 = 534646.5623427182
5 6397227734 10 390562 = 124920.5936140418
0 390562 3 = 0.0
2 11 0 2 3 = 0.0
3 11 5588.000000 = -233578.40000000596
4 8933486402 11 390562 = -253800.0
4 5796851205 11 390562 = -253800.0
4 5699553917 11 390562 = -253800.0
4 8321410602 11 390562 = -152280.0
4 9603301258 11 390562 = -152280.0
1 731878 11 = -235284.27556735277
5 8933486402 11 731878 = 3818904.016733721
5 5796851205 11 731878 = 4000756.5889591426
5 5699553917 11 731878 = 853494.7389779538
5 8321410602 11 731878 = 114057.93329977989
5 9603301258 11 731878 = 114057.93329977989
0 731878 3 = 0.0
2 12 0 2 3 = 0.0
3 12 5571.000000 = -238995.90000000596
4 6104653207 12 731878 = -253800.0
4 8395273843 12 731878 = -253800.0
4 1789189102 12 731878 = -253800.0
4 8741765185 12 731878 = -152280.0
4 7579479506 12 731878 = -152280.0
1 589264 12 = -296786.00533019006
5 6104653207 12 589264 = 4717155.181134075
5 8395273843 12 589264 = 890211.8495678604
5 1789189102 12 589264 = 851506.9865431786
5 8741765185 12 589264 = 119210.97811605036
5 7579479506 12 589264 = 44704.1167935133
0 589264 3 = 0.0
2 13 0 2 3 = 0.0
3 13 5597.000000 = -193936.04999999702
4 6598335281 13 589264 = -253800.0
4 9741649201 13 589264 = -253800.0
4 6549703191 13 589264 = -253800.0
4 5400452436 13 589264 = -152280.0
4 9531627964 13 589264 = -152280.0
1 731878 13 = -314043.17142640054
5 6598335281 13 731878 = 3991438.9994211346
5 9741649201 13 731878 = 3991438.9994211346
5 6549703191 13 731878 = 774097.2604938
5 5400452436 13 731878 = 124629.65893949568
5 9531627964 13 731878 = 119210.97811605036
0 796980 3 = 0.0
2 14 0 2 3 = 0.0
3 14 5404.000000 = -284142.31999999285
4 9185310036 14 796980 = -253800.0
4 3919979857 14 796980 = -253800.0
4 4306998538 14 796980 = -253800.0
4 2011715128 14 796980 = -152280.0
4 8751751050 14 796980 = -152280.0
1 282577 14 = -303682.1731098443
5 9185310036 14 282577 = 5705856.588734075
5 3919979857 14 282577 = 6561735.077044174
5 4306998538 14 282577 = 1338974.3461562693
5 2011715128 14 282577 = 178935.6626227051
5 8751751050 14 282577 = 95858.39069072902
0 282577 3 = 0.0
2 15 0 2 3 = 0.0
3 15 5402.000000 = -357126.2199999988
4 7353418530 15 282577 = -253800.0
4 5815851564 15 282577 = -253800.0
4 8925805424 15 282577 = -253800.0
4 3153805952 15 282577 = -152280.0
4 6681354341 15 282577 = -152280.0
1 796980 15 = -317976.58273364604
5 7353418530 15 796980 = 6276442.24760747
5 5815851564 15 796980 = 1338974.3461562693
5 8925805424 15 796980 = 1278111.8758764267
5 3153805952 15 796980 = 187456.40846186876
5 6681354341 15 796980 = 70296.15317320824
0 409289 0 = 0.0
2 16 0 4 6 = 0.0
3 16 4847.000000 = -333764.4200000018
4 1588971133 16 409289 = -27094.5
4 6731638908 16 409289 = -27094.5
4 1964688291 16 409289 = -27094.5
4 2415715527 16 409289 = -27094.5
4 2931587433 16 409289 = -27094.5
4 6231998120 16 409289 = -27094.5
4 9357561336 16 409289 = -16256.70000000298
4 2415708956 16 409289 = -16256.70000000298
4 4220676978 16 409289 = -16256.70000000298
4 8887435374 16 409289 = -16256.699999988079
1 589264 16 = -321578.7795409858
5 1588971133 16 589264 = 602284.7782832682
5 6731638908 16 589264 = 774366.1435070634
5 1964688291 16 589264 = 134605.86790838838
5 2415715527 16 589264 = 128487.41936710477
5 2931587433 16 589264 = 122368.97082579136
5 6231998120 16 589264 = 134605.86790838838
5 9357561336 16 589264 = 7709.245162039995
5 2415708956 16 589264 = 7066.80806517601
5 4220676978 16 589264 = 8351.682258874178
5 8887435374 16 589264 = 6424.370968341827
0 282577 3 = 0.0
2 17 1 7 1 = 0.0
3 17 6082.000000 = -402081.0200000107
4 5904458507 17 282577 = -253800.0
4 3984253744 17 282577 = -152280.0
4 1312199761 17 282577 = -152280.0
4 6823089373 17 282577 = -152280.0
4 7410080218 17 282577 = -152280.0
4 4020045085 17 282577 = -152280.0
4 8246643022 17 282577 = -152280.0
4 4356195186 17 282577 = -152280.0
1 589264 17 = -379079.17476147413
5 5904458507 17 589264 = 1064280.8673360944
5 3984253744 17 589264 = 55874.74553513527
5 1312199761 17 589264 = 53334.98437446356
5 6823089373 17 589264 = 55874.74553513527
5 7410080218 17 589264 = 53334.98437446356
5 4020045085 17 589264 = 53334.98437446356
5 8246643022 17 589264 = 53334.98437446356
5 4356195186 17 589264 = 55874.74553513527
0 167767 0 = 0.0
2 18 1 1 7 = 0.0
3 18 4906.000000 = -386936.2199999988
4 9676043278 18 167767 = -27094.5
4 3193966320 18 167767 = -27094.5
4 8214673745 18 167767 = -27094.5
4 7412901600 18 167767 = -27094.5
4 8660341108 18 167767 = -27094.5
4 5288793681 18 167767 = -27094.5
4 4389846535 18 167767 = -27094.5
4 8682336679 18 167767 = -16256.70000000298
1 237755 18 = -274674.52272583544
5 9676043278 18 237755 = 577676.1595809162
5 3193966320 18 237755 = 129399.45974612236
5 8214673745 18 237755 = 141723.2178171873
5 7412901600 18 237755 = 135561.33878165483
5 8660341108 18 237755 = 141723.2178171873
5 5288793681 18 237755 = 129399.45974612236
5 4389846535 18 237755 = 135561.33878165483
5 8682336679 18 237755 = 6469.972987294197
0 237755 0 = 0.0
2 19 2 6 5 = 0.0
3 19 4994.000000 = -299390.299999997
4 5585903565 19 237755 = -27094.5
4 3729223284 19 237755 = -27094.5
4 1119896163 19 237755 = -27094.5
4 9486154913 19 237755 = -27094.5
4 5893267108 19 237755 = -27094.5
4 5991258160 19 237755 = -16256.70000000298
4 5274974550 19 237755 = -16256.699999988079
4 1461657722 19 237755 = -16256.70000000298
4 8330907113 19 237755 = -16256.70000000298
4 4889617948 19 237755 = -16256.70000000298
4 2291408648 19 237755 = -16256.70000000298
1 167767 19 = -277318.90526635945
5 5585903565 19 167767 = 738141.7594645023
5 3729223284 19 167767 = 191702.90332758427
5 1119896163 19 167767 = 150623.70975738764
5 9486154913 19 167767 = 143777.1774956882
5 5893267108 19 167767 = 143777.1774956882
5 5991258160 19 167767 = 8986.073593467474
5 5274974550 19 167767 = 8986.073593467474
5 1461657722 19 167767 = 7548.301818519831
5 8330907113 19 167767 = 7548.301818519831
5 4889617948 19 167767 = 7548.301818519831
5 2291408648 19 167767 = 7907.744762271643
0 390562 3 = 0.0
2 20 0 2 3 = 0.0
3 20 4893.000000 = -204527.39999999106
4 4345442099 20 390562 = -253800.0
4 7321294567 20 390562 = -253800.0
4 7150004078 20 390562 = -253800.0
4 8969709043 20 390562 = -152280.0
4 3220516803 20 390562 = -152280.0
1 983744 20 = -282887.8114452064
5 4345442099 20 983744 = 6567845.81122303
5 7321294567 20 983744 = 6896238.1017841995
5 7150004078 20 983744 = 1471197.4617139697
5 8969709043 20 983744 = 205967.64463996887
5 3220516803 20 983744 = 77237.86673998833
0 983744 3 = 0.0
2 21 0 2 3 = 0.0
3 21 4892.000000 = -491841.67999999225
4 3028567456 21 983744 = -253800.0
4 7571464518 21 983744 = -253800.0
4 6455327815 21 983744 = -253800.0
4 6611505029 21 983744 = -152280.0
4 3902187841 21 983744 = -152280.0
1 390562 21 = -324531.094541952
5 3028567456 21 390562 = 5911061.230100721
5 7571464518 21 390562 = 1324077.7155425549
5 6455327815 21 390562 = 1324077.7155425549
5 6611505029 21 390562 = 203025.2497165203
5 3902187841 21 390562 = 203025.2497165203
0 282577 3 = 0.0
2 22 0 2 3 = 0.0
3 22 4637.000000 = -306552.06999999285
4 8784287568 22 282577 = -253800.0
4 9375844364 22 282577 = -253800.0000000149
4 2457220976 22 282577 = -253800.0
4 1892077661 22 282577 = -152280.0
4 6339642974 22 282577 = -152280.0
1 167767 22 = -350570.2242630273
5 8784287568 22 167767 = 1.2266153100320905E7
5 9375844364 22 167767 = 1.2266153100320905E7
5 2457220976 22 167767 = 1.2823705513971865E7
5 1892077661 22 167767 = 349696.87384188175
5 6339642974 22 167767 = 383001.33801728487
0 796980 3 = 0.0
2 23 0 2 3 = 0.0
3 23 4634.000000 = -243655.7199999988
4 4615645463 23 796980 = -253800.0
4 9029708621 23 796980 = -253800.0
4 2071021482 23 796980 = -253800.0
4 7494760354 23 796980 = -152280.0
4 5661672504 23 796980 = -152280.0
1 237755 23 = -310543.36758586764
5 4615645463 23 237755 = 3885740.1486198306
5 9029708621 23 237755 = 4810916.374481678
5 2071021482 23 237755 = 868432.0840089917
5 7494760354 23 237755 = 121580.49176126719
5 5661672504 23 237755 = 127106.87775039673
0 390562 2 = 0.0
2 24 29 8 3 = 0.0
3 24 48215.000000 = -2015387.0
4 3000831869 24 390562 = -75667.5
4 2524985741 24 390562 = -75667.5
4 2662108574 24 390562 = -75667.5
4 5945497322 24 390562 = -45400.5
4 1077309578 24 390562 = -45400.5
4 7650476242 24 390562 = -45400.5
4 2561696153 24 390562 = -45400.5
4 8379489792 24 390562 = -45400.5
4 3995004989 24 390562 = -45400.5
4 1020862102 24 390562 = -45400.5
4 1519782942 24 390562 = -45400.5
1 282577 24 = -287519.70638024807
5 3000831869 24 282577 = 3147179.172130525
5 2524985741 24 282577 = 563974.5076457858
5 2662108574 24 282577 = 671398.2233878374
5 5945497322 24 282577 = 28198.72538229823
5 1077309578 24 282577 = 31018.597920507193
5 7650476242 24 282577 = 29608.661651402712
5 2561696153 24 282577 = 29608.661651402712
5 8379489792 24 282577 = 29608.661651402712
5 3995004989 24 282577 = 31018.597920507193
5 1020862102 24 282577 = 28198.72538229823
5 1519782942 24 282577 = 35248.40672785044
0 589264 0 = 0.0
2 25 5 5 5 = 0.0
3 25 4899.000000 = -169750.34999999404
4 8625673840 25 589264 = -27094.5
4 9545691638 25 589264 = -27094.5
4 4818561844 25 589264 = -27094.5
4 9084550443 25 589264 = -27094.5
4 2641015399 25 589264 = -27094.5
4 8361172549 25 589264 = -16256.700000017881
4 2842512315 25 589264 = -16256.699999988079
4 2408855407 25 589264 = -16256.699999988079
4 5233786030 25 589264 = -16256.700000017881
4 9946222917 25 589264 = -16256.700000017881
1 409289 25 = -381927.5012164116
5 8625673840 25 409289 = 669205.3092036247
5 9545691638 25 409289 = 701072.2286895216
5 4818561844 25 409289 = 149562.07545375824
5 9084550443 25 409289 = 142763.79929676652
5 2641015399 25 409289 = 156360.35161074996
5 8361172549 25 409289 = 7138.189964830875
5 2842512315 25 409289 = 7495.099463075399
5 2408855407 25 409289 = 7138.189964830875
5 5233786030 25 409289 = 7495.099463075399
5 9946222917 25 409289 = 7138.189964830875
0 796980 0 = 0.0
2 26 4 8 4 = 0.0
3 26 4151.000000 = -218259.5800000131
4 8803637371 26 796980 = -27094.5
4 6013781291 26 796980 = -27094.5
4 8669898226 26 796980 = -27094.5
4 5004314088 26 796980 = -27094.5
4 8450037168 26 796980 = -16256.699999988079
4 4957106148 26 796980 = -16256.700000017881
4 8602469767 26 796980 = -16256.699999988079
4 5198694549 26 796980 = -16256.700000017881
4 2069221912 26 796980 = -16256.699999988079
4 7799905142 26 796980 = -16256.700000017881
4 3750000229 26 796980 = -16256.699999988079
4 9555887221 26 796980 = -16256.700000017881
1 167767 26 = -393743.1244853437
5 8803637371 26 167767 = 1137923.2322635055
5 6013781291 26 167767 = 1408857.335183382
5 8669898226 26 167767 = 265876.66633203626
5 5004314088 26 167767 = 242756.9562162161
5 8450037168 26 167767 = 12744.740201354027
5 4957106148 26 167767 = 13351.63259190321
5 8602469767 26 167767 = 16386.09454458952
5 5198694549 26 167767 = 13351.63259190321
5 2069221912 26 167767 = 15172.309763520956
5 7799905142 26 167767 = 13351.63259190321
5 3750000229 26 167767 = 12137.847810804844
5 9555887221 26 167767 = 13351.63259190321
0 167767 3 = 0.0
2 27 1 7 1 = 0.0
3 27 4683.000000 = -369348.21000000834
4 5078523312 27 167767 = -253800.0
4 3774899494 27 167767 = -152280.0
4 4831451509 27 167767 = -152280.0
4 6062408083 27 167767 = -152280.0
4 4832286429 27 167767 = -152280.0
4 8852603557 27 167767 = -152280.0
4 1937480763 27 167767 = -152280.0
4 4229895049 27 167767 = -152280.0
1 282577 27 = -442804.1155079305
5 5078523312 27 282577 = 2220297.611694455
5 3774899494 27 282577 = 133217.85670167208
5 4831451509 27 282577 = 122116.36864319444
5 6062408083 27 282577 = 116565.62461397052
5 4832286429 27 282577 = 111014.8805847168
5 8852603557 27 282577 = 133217.85670167208
5 1937480763 27 282577 = 116565.62461397052
5 4229895049 27 282577 = 122116.36864319444
0 282577 0 = 0.0
2 28 2 6 5 = 0.0
3 28 3481.000000 = -230128.90999999642
4 2398641738 28 282577 = -27094.5
4 9124807131 28 282577 = -27094.5
4 7862161136 28 282577 = -27094.5
4 7809595114 28 282577 = -27094.5
4 5938517508 28 282577 = -27094.5
4 9224557045 28 282577 = -16256.699999988079
4 6509716071 28 282577 = -16256.700000017881
4 3459720371 28 282577 = -16256.699999988079
4 6571009846 28 282577 = -16256.700000017881
4 7747054885 28 282577 = -16256.699999988079
4 2683050267 28 282577 = -16256.700000017881
1 983744 28 = -410162.205776155
5 2398641738 28 983744 = 1048771.2217404842
5 9124807131 28 983744 = 234392.04447788
5 7862161136 28 983744 = 234392.04447788
5 7809595114 28 983744 = 223737.86063796282
5 5938517508 28 983744 = 234392.04447788
5 9224557045 28 983744 = 11186.89303189516
5 6509716071 28 983744 = 11746.23768350482
5 3459720371 28 983744 = 12305.582335084677
5 6571009846 28 983744 = 11746.23768350482
5 7747054885 28 983744 = 12305.582335084677
5 2683050267 28 983744 = 11746.23768350482
0 731878 0 = 0.0
2 29 1 1 7 = 0.0
3 29 3262.000000 = -139939.80000001192
4 3172794047 29 731878 = -27094.5
4 2291863198 29 731878 = -27094.5
4 2635020562 29 731878 = -27094.5
4 3749994300 29 731878 = -27094.5
4 7392468423 29 731878 = -27094.5
4 8547694091 29 731878 = -27094.5
4 8942741627 29 731878 = -27094.5
4 6229158092 29 731878 = -16256.699999988079
1 167767 29 = -397492.90605956316
5 3172794047 29 167767 = 533134.2962068617
5 2291863198 29 167767 = 119422.08235034347
5 2635020562 29 167767 = 119422.08235034347
5 3749994300 29 167767 = 130795.61400276423
5 7392468423 29 167767 = 113735.31652414799
5 8547694091 29 167767 = 119422.08235034347
5 8942741627 29 167767 = 113735.31652414799
5 6229158092 29 167767 = 16719.09152904153
0 390562 3 = 0.0
2 30 0 2 3 = 0.0
3 30 4386.000000 = -183334.80000001192
4 4533663409 30 390562 = -253800.0
4 9755916194 30 390562 = -253800.0
4 7953626584 30 390562 = -253800.0
4 1228808937 30 390562 = -152280.0
4 8295809443 30 390562 = -152280.0
1 237755 30 = -307406.46304515004
5 4533663409 30 237755 = 701300.7389130592
5 9755916194 30 237755 = 609826.7294896245
5 7953626584 30 237755 = 731792.0753875375
5 1228808937 30 237755 = 89644.52923497558
5 8295809443 30 237755 = 89644.52923497558
0 237755 3 = 0.0
2 31 0 2 3 = 0.0
3 31 4386.000000 = -262940.7000000179
4 5881175070 31 237755 = -253800.0
4 8263998479 31 237755 = -253800.0
4 9855957099 31 237755 = -253800.0
4 5333419152 31 237755 = -152280.0
4 1263582019 31 237755 = -152280.0
1 390562 31 = -316346.84372356534
5 5881175070 31 390562 = 3001490.9342066944
5 8263998479 31 390562 = 3430275.3533790708
5 9855957099 31 390562 = 3001490.9342066944
5 5333419152 31 390562 = 420208.73078894615
5 1263582019 31 390562 = 93913.31634140015
0 589264 3 = 0.0
2 32 0 2 3 = 0.0
3 32 4328.000000 = -149965.20000001788
4 1968948837 32 589264 = -253800.0
4 4804668990 32 589264 = -253800.0
4 5212613079 32 589264 = -253800.0
4 2133514554 32 589264 = -152280.0
4 1071655930 32 589264 = -152280.0
1 983744 32 = -455857.460816592
5 1968948837 32 983744 = 5833130.671646237
5 4804668990 32 983744 = 1303658.410425067
5 5212613079 32 983744 = 1185144.0094773173
5 2133514554 32 983744 = 68442.0665473342
5 1071655930 32 983744 = 65331.06352239847
0 282577 3 = 0.0
2 33 0 2 3 = 0.0
3 33 4300.000000 = -284273.0
4 5218404125 33 282577 = -253800.0
4 3403392651 33 282577 = -253800.0
4 3908592104 33 282577 = -253800.0
4 7739924860 33 282577 = -152280.0
4 2122168014 33 282577 = -152280.0
1 409289 33 = -408174.5332148075
5 5218404125 33 409289 = 1.089462102356571E7
5 3403392651 33 409289 = 1.0399410977039993E7
5 3908592104 33 409289 = 9904200.930514276
5 7739924860 33 409289 = 122019.75546395779
5 2122168014 33 409289 = 127566.10798501968
0 409289 3 = 0.0
2 34 0 2 3 = 0.0
3 34 4311.000000 = -296855.45999997854
4 3515011355 34 409289 = -253800.0
4 7647316707 34 409289 = -253800.0
4 6545688024 34 409289 = -253800.0
4 4097321542 34 409289 = -152280.0
4 5203531505 34 409289 = -152280.0
1 282577 34 = -431165.5190819502
5 3515011355 34 282577 = 9684107.57650286
5 7647316707 34 282577 = 2159849.447365463
5 6545688024 34 282577 = 1878129.954230845
5 4097321542 34 282577 = 108462.00485682487
5 5203531505 34 282577 = 128182.36937624216
0 589264 3 = 0.0
2 35 0 2 3 = 0.0
3 35 4292.000000 = -148717.80000001192
4 6738338255 35 589264 = -253800.0
4 5701481869 35 589264 = -253800.0
4 5725433131 35 589264 = -253800.0
4 8426822400 35 589264 = -152280.0
4 3535298232 35 589264 = -152280.0
1 167767 35 = -499678.2654261291
5 6738338255 35 167767 = 5493510.6480282545
5 5701481869 35 167767 = 1230546.38515836
5 5725433131 35 167767 = 1171948.9382460117
5 8426822400 35 167767 = 172276.49392217398
5 3535298232 35 167767 = 79985.51503527164
0 167767 3 = 0.0
2 36 0 2 3 = 0.0
3 36 4272.000000 = -336932.6400000155
4 2245731996 36 167767 = -253800.0
4 7718152584 36 167767 = -253800.0
4 6147222169 36 167767 = -253800.0
4 7305342042 36 167767 = -152280.0
4 8623767564 36 167767 = -152280.0
1 589264 36 = -549490.0118106604
5 2245731996 36 589264 = 6674615.437354326
5 7718152584 36 589264 = 5685783.520709276
5 6147222169 36 589264 = 1371180.257747829
5 7305342042 36 589264 = 169815.40115183592
5 8623767564 36 589264 = 58143.31669872999
0 142688 3 = 0.0
2 37 0 2 3 = 0.0
3 37 4272.000000 = -459581.75999999046
4 8309369028 37 142688 = -253800.0
4 1417778900 37 142688 = -253800.0
4 5480156789 37 142688 = -253800.0
4 5619256776 37 142688 = -152280.0
4 6263075056 37 142688 = -152280.0
1 409289 37 = -388027.5442639291
5 8309369028 37 409289 = 1.7993028712532014E7
5 1417778900 37 409289 = 3664034.9378246665
5 5480156789 37 409289 = 3664034.9378246665
5 5619256776 37 409289 = 537391.7908809781
5 6263075056 37 409289 = 586245.590051949
0 237755 3 = 0.0
2 38 2 4 2 = 0.0
3 38 4626.000000 = -277328.7000000477
4 8750688135 38 237755 = -253800.0
4 9236905761 38 237755 = -253800.0
4 2678771491 38 237755 = -152280.0
4 7246263109 38 237755 = -152280.0
4 4823511044 38 237755 = -152280.0
4 1701444836 38 237755 = -152280.0
1 796980 38 = -395136.5234645605
5 8750688135 38 796980 = 4749237.959424257
5 9236905761 38 796980 = 6476233.581033051
5 2678771491 38 796980 = 50773.67127531767
5 7246263109 38 796980 = 53191.46514552832
5 4823511044 38 796980 = 62862.64062654972
5 1701444836 38 796980 = 70116.02223730087
0 796980 3 = 0.0
2 39 0 2 3 = 0.0
3 39 4207.000000 = -221204.06000000238
4 2461215382 39 796980 = -253800.0
4 3164278962 39 796980 = -253800.0
4 5154961287 39 796980 = -253800.0
4 4715136454 39 796980 = -152280.0
4 7620595052 39 796980 = -152280.0
1 409289 39 = -440379.1170899868
5 2461215382 39 409289 = 9611857.414672732
5 3164278962 39 409289 = 2153056.0608867407
5 5154961287 39 409289 = 2460635.49815619
5 4715136454 39 409289 = 287074.1414515972
5 7620595052 39 409289 = 301427.8485240936
0 983744 0 = 0.0
2 40 1 1 7 = 0.0
3 40 2932.000000 = -294783.2799999714
4 6964815153 40 983744 = -27094.5
4 2636089325 40 983744 = -27094.5
4 7529366366 40 983744 = -27094.5
4 3152553876 40 983744 = -27094.5
4 7412380388 40 983744 = -27094.5
4 3075255343 40 983744 = -27094.5
4 5127950336 40 983744 = -27094.5
4 3490335823 40 983744 = -16256.699999988079
1 409289 40 = -514072.65641474724
5 6964815153 40 409289 = 1485707.9307143688
5 2636089325 40 409289 = 1556455.927415073
5 7529366366 40 409289 = 1414959.9340136647
5 3152553876 40 409289 = 316951.02521908283
5 7412380388 40 409289 = 332043.93118184805
5 3075255343 40 409289 = 301858.119256258
5 5127950336 40 409289 = 362229.7431074977
5 3490335823 40 409289 = 17432.30638706684
0 983744 0 = 0.0
2 41 7 7 4 = 0.0
3 41 3851.000000 = -387179.54000002146
4 4815157458 41 983744 = -27094.5
4 1447715447 41 983744 = -27094.5
4 6699280659 41 983744 = -27094.5
4 4889023063 41 983744 = -27094.5
4 5728768421 41 983744 = -16256.699999988079
4 4582705630 41 983744 = -16256.699999988079
4 7985971974 41 983744 = -16256.700000047684
4 2906254359 41 983744 = -16256.699999988079
4 5388776476 41 983744 = -16256.699999988079
4 3513514012 41 983744 = -16256.700000047684
4 8258402741 41 983744 = -16256.699999988079
1 142688 41 = -493778.1059615016
5 4815157458 41 142688 = 2106191.575975716
5 1447715447 41 142688 = 430599.16664391756
5 6699280659 41 142688 = 430599.16664391756
5 4889023063 41 142688 = 411877.4637463689
5 5728768421 41 142688 = 26538.01385730505
5 4582705630 41 142688 = 19657.78804242611
5 7985971974 41 142688 = 22606.456248819828
5 2906254359 41 142688 = 20640.677444577217
5 5388776476 41 142688 = 21623.56684666872
5 3513514012 41 142688 = 23589.34565091133
5 8258402741 41 142688 = 20640.677444577217
0 142688 3 = 0.0
2 42 0 2 3 = 0.0
3 42 4044.000000 = -435053.5199999809
4 8578980262 42 142688 = -253800.0
4 7426005320 42 142688 = -253800.0
4 6113409202 42 142688 = -253800.0
4 9763426427 42 142688 = -152280.0
4 7279937048 42 142688 = -152280.0
1 237755 42 = -395758.76541918516
5 8578980262 42 237755 = 4690843.601240218
5 7426005320 42 237755 = 4690843.601240158
5 6113409202 42 237755 = 953060.2872360945
5 9763426427 42 237755 = 146771.28423434496
5 7279937048 42 237755 = 140099.8622236848
0 237755 3 = 0.0
2 43 0 2 3 = 0.0
3 43 4023.000000 = -241178.85000002384
4 5312526519 43 237755 = -253800.0
4 8849726960 43 237755 = -253800.0
4 6313413419 43 237755 = -253800.0
4 6428505289 43 237755 = -152280.0
4 8660139583 43 237755 = -152280.0
1 142688 43 = -394046.0573846698
5 5312526519 43 142688 = 1111903.66844213
5 8849726960 43 142688 = 1482538.224589467
5 6313413419 43 142688 = 1111903.66844213
5 6428505289 43 142688 = 185317.27807366848
5 8660139583 43 142688 = 58374.942593216896
0 796980 3 = 0.0
2 44 0 2 3 = 0.0
3 44 4014.000000 = -211056.12000000477
4 1689455655 44 796980 = -253800.0
4 2441870106 44 796980 = -253800.0
4 3203344439 44 796980 = -253800.0
4 9383724981 44 796980 = -152280.0
4 2730815197 44 796980 = -152280.0
1 983744 44 = -516621.6704723835
5 1689455655 44 983744 = 1.186908010969019E7
5 2441870106 44 983744 = 1875607.721037507
5 3203344439 44 983744 = 2063168.4931411743
5 9383724981 44 983744 = 275714.33499252796
5 2730815197 44 983744 = 103392.87562227249
0 983744 3 = 0.0
2 45 0 2 3 = 0.0
3 45 3991.000000 = -401255.1400000453
4 5757438279 45 983744 = -253800.0
4 5552721422 45 983744 = -253800.0
4 3982565688 45 983744 = -253800.0
4 9448401285 45 983744 = -152280.0
4 5748121518 45 983744 = -152280.0
1 796980 45 = -569174.8012862802
5 5757438279 45 796980 = 8596535.388088465
5 5552721422 45 796980 = 9378038.605187297
5 3982565688 45 796980 = 1750567.2063016891
5 9448401285 45 796980 = 256749.85692417622
5 5748121518 45 796980 = 245079.40888226032
0 983744 3 = 0.0
2 46 2 4 2 = 0.0
3 46 4317.000000 = -434031.18000006676
4 1160438839 46 983744 = -253800.0
4 2225702508 46 983744 = -253800.0
4 9398801524 46 983744 = -152280.0
4 3246560231 46 983744 = -152280.0
4 3946766670 46 983744 = -152280.0
4 2398786689 46 983744 = -152280.0
1 589264 46 = -621110.7787180543
5 1160438839 46 589264 = 5249817.6044816375
5 2225702508 46 589264 = 1333287.0106620193
5 9398801524 46 589264 = 64397.76261496544
5 3246560231 46 589264 = 61597.859892606735
5 3946766670 46 589264 = 75597.37350451946
5 2398786689 46 589264 = 61597.859892606735
0 409289 3 = 0.0
2 47 2 4 2 = 0.0
3 47 4272.000000 = -294169.9200000167
4 9411126890 47 409289 = -253800.0
4 2587479324 47 409289 = -253800.0
4 7061327979 47 409289 = -152280.0
4 3198703699 47 409289 = -152280.0
4 7694099840 47 409289 = -152280.0
4 6355289042 47 409289 = -152280.0
1 142688 47 = -496098.7488063574
5 9411126890 47 142688 = 4885379.917099595
5 2587479324 47 142688 = 3664034.937824726
5 7061327979 47 142688 = 183201.74689126015
5 3198703699 47 142688 = 183201.74689126015
5 7694099840 47 142688 = 201521.92158031464
5 6355289042 47 142688 = 192361.8342357874
0 167767 3 = 0.0
2 48 0 2 3 = 0.0
3 48 3892.000000 = -306962.03999996185
4 5488012923 48 167767 = -253800.0
4 1968971096 48 167767 = -253800.0
4 7876710217 48 167767 = -253800.0
4 9057183465 48 167767 = -152280.0
4 6695350774 48 167767 = -152280.0
1 142688 48 = -568396.1511393785
5 5488012923 48 142688 = 1.4724816427548409E7
5 1968971096 48 142688 = 3141294.1712103486
5 7876710217 48 142688 = 3290879.6079346538
5 9057183465 48 142688 = 439781.1839694381
5 6695350774 48 142688 = 196330.88570064306
0 142688 3 = 0.0
2 49 0 2 3 = 0.0
3 49 3912.000000 = -420852.95999997854
4 5760342507 49 142688 = -253800.0
4 7998244616 49 142688 = -253800.0
4 5491303260 49 142688 = -253800.0
4 9865045558 49 142688 = -152280.0
4 5788519260 49 142688 = -152280.0
1 167767 49 = -578273.1284500957
5 5760342507 49 167767 = 1.4724816427548409E7
5 7998244616 49 167767 = 1.5425998162193596E7
5 5491303260 49 167767 = 3141294.1712103486
5 9865045558 49 167767 = 418839.2228280306
5 5788519260 49 167767 = 481665.10625225306
0 167767 3 = 0.0
2 50 0 2 3 = 0.0
3 50 3765.000000 = -296945.5500000119
4 2648871061 50 167767 = -253800.0
4 6019040696 50 167767 = -253800.0
4 6184226572 50 167767 = -253800.0
4 3230119626 50 167767 = -152280.0
4 3252009356 50 167767 = -152280.0
1 390562 50 = -577887.4339683056
5 2648871061 50 390562 = 4177879.354167819
5 6019040696 50 390562 = 1188374.571852088
5 6184226572 50 390562 = 891280.9288891554
5 3230119626 50 390562 = 49020.451088905334
5 3252009356 50 390562 = 49020.451088905334
0 390562 3 = 0.0
2 51 0 2 3 = 0.0
3 51 3774.000000 = -157753.20000004768
4 3957321297 51 390562 = -253800.0
4 6630445101 51 390562 = -253800.0
4 1501757959 51 390562 = -253800.0
4 4428004214 51 390562 = -152280.0
4 3043423697 51 390562 = -152280.0
1 167767 51 = -566081.7081547976
5 3957321297 51 167767 = 1226100.7487363815
5 6630445101 51 167767 = 943154.4221048355
5 1501757959 51 167767 = 990312.1432101727
5 4428004214 51 167767 = 56942.948234558105
5 3043423697 51 167767 = 51991.38751852512
0 731878 0 = 0.0
2 52 0 4 6 = 0.0
3 52 2723.000000 = -116816.70000004768
4 9245891365 52 731878 = -27094.5
4 2828862153 52 731878 = -27094.5
4 8939673131 52 731878 = -27094.5
4 5513442547 52 731878 = -27094.5
4 3891684727 52 731878 = -27094.5
4 1698634176 52 731878 = -27094.5
4 1631453956 52 731878 = -16256.699999988079
4 8128713710 52 731878 = -16256.699999988079
4 6617502665 52 731878 = -16256.700000047684
4 2759532941 52 731878 = -16256.699999988079
1 983744 52 = -562220.5206899047
5 9245891365 52 983744 = 399639.00864470005
5 2828862153 52 983744 = 437699.86661076546
5 8939673131 52 983744 = 570912.8694924116
5 5513442547 52 983744 = 81196.49699449539
5 3891684727 52 983744 = 85256.32184422016
5 1698634176 52 983744 = 113675.09579217434
5 1631453956 52 983744 = 4475.956896901131
5 8128713710 52 983744 = 4689.097701430321
5 6617502665 52 983744 = 4689.097701430321
5 2759532941 52 983744 = 5328.5201152563095
0 731878 3 = 0.0
2 53 0 2 3 = 0.0
3 53 3583.000000 = -153710.70000004768
4 4193033321 53 731878 = -253800.0
4 5333748179 53 731878 = -253800.0
4 5693311792 53 731878 = -253800.0
4 6246913067 53 731878 = -152280.0
4 7069473816 53 731878 = -152280.0
1 282577 53 = -518802.93451827765
5 4193033321 53 282577 = 3169094.379724264
5 5333748179 53 282577 = 860457.1406766772
5 5693311792 53 282577 = 645342.855507493
5 6246913067 53 282577 = 90347.99977105856
5 7069473816 53 282577 = 90347.99977105856
0 282577 3 = 0.0
2 54 0 2 3 = 0.0
3 54 3613.000000 = -238855.43000000715
4 6053731552 54 282577 = -253800.0
4 1777072471 54 282577 = -253800.0
4 5317046603 54 282577 = -253800.0
4 2197261557 54 282577 = -152280.0
4 5624237315 54 282577 = -152280.0
1 731878 54 = -542744.50586164
5 6053731552 54 731878 = 2469424.1919929385
5 1777072471 54 731878 = 605832.0684356093
5 5317046603 54 731878 = 684853.6425793767
5 2197261557 54 731878 = 30423.306045353413
5 5624237315 54 731878 = 29040.428497850895
0 983744 0 = 0.0
2 55 1 1 7 = 0.0
3 55 2713.000000 = -272765.0199999809
4 1509921969 55 983744 = -27094.5
4 7261386615 55 983744 = -27094.5
4 8249910230 55 983744 = -27094.5
4 5381248597 55 983744 = -27094.5
4 9494310636 55 983744 = -27094.5
4 3153853059 55 983744 = -27094.5
4 9377105748 55 983744 = -27094.5
4 5889707697 55 983744 = -16256.700000047684
1 731878 55 = -643143.5827390552
5 1509921969 55 731878 = 359675.1077801585
5 7261386615 55 731878 = 376802.4938649535
5 8249910230 55 731878 = 84038.37438929081
5 5381248597 55 731878 = 76730.6896597743
5 9494310636 55 731878 = 73076.84729504585
5 3153853059 55 731878 = 91346.05911880732
5 9377105748 55 731878 = 76730.6896597743
5 5889707697 55 731878 = 10742.296552360058
437157248.268983 = 0.0
