0 850625 2 = 0.0
2 0 14 12 2 = 0.0
3 0 49001.000000 = -5390110.0
4 6053290521 0 850625 = -78745.5
4 5338572254 0 850625 = -78745.5
4 7777809820 0 850625 = -47247.299999999814
4 8209294712 0 850625 = -47247.299999999814
4 2881223141 0 850625 = -47247.299999999814
4 9467306191 0 850625 = -47247.299999999814
4 6692624965 0 850625 = -47247.299999999814
4 4173841008 0 850625 = -47247.299999999814
4 7869189803 0 850625 = -47247.299999999814
4 4664308644 0 850625 = -47247.299999999814
4 9356235798 0 850625 = -47247.299999999814
4 6651672000 0 850625 = -47247.299999999814
4 9331761116 0 850625 = -47247.299999999814
4 3547698819 0 850625 = -47247.299999999814
1 296390 0 = -166460.49213244207
5 6053290521 0 296390 = 2327897.9493056093
5 5338572254 0 296390 = 2444292.8467708896
5 7777809820 0 296390 = 122214.64233854413
5 8209294712 0 296390 = 128325.37445547152
5 2881223141 0 296390 = 128325.37445547152
5 9467306191 0 296390 = 128325.37445547152
5 6692624965 0 296390 = 122214.64233854413
5 4173841008 0 296390 = 122214.64233854413
5 7869189803 0 296390 = 134436.10657239892
5 4664308644 0 296390 = 134436.10657239892
5 9356235798 0 296390 = 122214.64233854413
5 6651672000 0 296390 = 122214.64233854413
5 9331761116 0 296390 = 122214.64233854413
5 3547698819 0 296390 = 122214.64233854413
0 850625 2 = 0.0
2 1 24 7 4 = 0.0
3 1 51521.000000 = -5667310.0
4 7994102372 1 850625 = -78745.5
4 1739096362 1 850625 = -78745.5
4 7976113404 1 850625 = -78745.5
4 6801171197 1 850625 = -78745.5
4 4001921248 1 850625 = -47247.300000000745
4 4966809844 1 850625 = -47247.300000000745
4 2246954728 1 850625 = -47247.300000000745
4 9714136133 1 850625 = -47247.300000000745
4 7414597162 1 850625 = -47247.300000000745
4 6766348472 1 850625 = -47247.300000000745
4 7651362293 1 850625 = -47247.300000000745
1 419961 1 = -153586.9413477648
5 7994102372 1 419961 = 758438.2667950923
5 1739096362 1 419961 = 758438.2667950923
5 7976113404 1 419961 = 830670.4826803384
5 6801171197 1 419961 = 758438.2667950932
5 4001921248 1 419961 = 41714.10467373021
5 4966809844 1 419961 = 43610.20034071803
5 2246954728 1 419961 = 39818.00900674239
5 9714136133 1 419961 = 43610.20034071803
5 7414597162 1 419961 = 43610.20034071803
5 6766348472 1 419961 = 47402.391674693674
5 7651362293 1 419961 = 47402.391674693674
0 859035 3 = 0.0
2 2 0 2 3 = 0.0
0 850625 3 = 0.0
2 3 0 2 3 = 0.0
0 296390 2 = 0.0
2 4 17 7 3 = 0.0
3 4 48901.000000 = -3996678.7300000004
4 9820679965 4 296390 = -78745.5
4 2206356453 4 296390 = -78745.5
4 9549714404 4 296390 = -78745.5
4 3894962785 4 296390 = -47247.300000000745
4 2947684841 4 296390 = -47247.300000000745
4 7129987545 4 296390 = -47247.300000000745
4 4694866619 4 296390 = -47247.300000000745
4 4303159222 4 296390 = -47247.300000000745
4 3458266562 4 296390 = -47247.300000000745
4 5437559787 4 296390 = -47247.300000000745
1 850625 4 = -214469.59826895595
5 9820679965 4 850625 = 2327897.949305609
5 2206356453 4 850625 = 2793477.5391667318
5 9549714404 4 850625 = 2560687.7442361694
5 3894962785 4 850625 = 146657.5708062537
5 2947684841 4 850625 = 122214.64233854413
5 7129987545 4 850625 = 128325.37445547059
5 4694866619 4 850625 = 128325.37445547059
5 4303159222 4 850625 = 128325.37445547059
5 3458266562 4 850625 = 134436.10657240078
5 5437559787 4 850625 = 171100.49927396327
0 451576 3 = 0.0
2 5 0 2 3 = 0.0
3 5 8378.000000 = -395357.8200000003
4 6388886454 5 451576 = -292050.0
4 4975769762 5 451576 = -292050.0
4 6248127665 5 451576 = -292050.0
4 7277918804 5 451576 = -175230.0
4 7429793640 5 451576 = -175230.0
1 850625 5 = -276794.5532299429
5 6388886454 5 850625 = 1.6635307402577214E7
5 4975769762 5 850625 = 3226241.4356513396
5 6248127665 5 850625 = 3226241.4356513396
5 7277918804 5 850625 = 451673.800991185
5 7429793640 5 850625 = 451673.800991185
0 850625 3 = 0.0
2 6 0 2 3 = 0.0
3 6 8363.000000 = -919930.0
4 7269870547 6 850625 = -292050.0
4 1688120803 6 850625 = -292050.0
4 4817199759 6 850625 = -292050.0
4 6041740844 6 850625 = -175230.0
4 8812249900 6 850625 = -175230.0
1 451576 6 = -305343.18401668593
5 7269870547 6 451576 = 1.4786939913401961E7
5 1688120803 6 451576 = 1.3442672648547232E7
5 4817199759 6 451576 = 3011158.6732745767
5 6041740844 6 451576 = 188197.41707965732
5 8812249900 6 451576 = 165613.72703009844
0 419961 3 = 0.0
2 7 0 2 3 = 0.0
3 7 6282.000000 = -276408.0
4 5258143076 7 419961 = -292050.0
4 1860203884 7 419961 = -292050.0
4 2398867250 7 419961 = -292050.0
4 4497255424 7 419961 = -175230.0
4 1804871817 7 419961 = -175230.0
1 464215 7 = -258469.26043762267
5 5258143076 7 464215 = 5645894.55579406
5 1860203884 7 464215 = 6990155.1643164605
5 2398867250 7 464215 = 6183598.799203023
5 4497255424 7 464215 = 168624.05073304474
5 1804871817 7 464215 = 168624.05073304474
0 489561 3 = 0.0
2 8 0 2 3 = 0.0
3 8 6251.000000 = -401564.23999999464
4 8509202722 8 489561 = -292050.0
4 5001794330 8 489561 = -292050.0
4 3455166110 8 489561 = -292050.0
4 8986149761 8 489561 = -175230.0
4 4222801575 8 489561 = -175230.0
1 296390 8 = -260390.2226165831
5 8509202722 8 296390 = 1632751.3827940822
5 5001794330 8 296390 = 1959301.6593528986
5 3455166110 8 296390 = 1796026.5210734904
5 8986149761 8 296390 = 85719.4475966841
5 4222801575 8 296390 = 85719.4475966841
0 296390 3 = 0.0
2 9 0 2 3 = 0.0
3 9 6203.000000 = -506971.1899999976
4 4009746977 9 296390 = -292050.0
4 9665955921 9 296390 = -292050.0
4 8425517196 9 296390 = -292050.0
4 6937666941 9 296390 = -175230.0
4 5946012984 9 296390 = -175230.0
1 489561 9 = -291930.34781742096
5 4009746977 9 489561 = 7232578.390970677
5 9665955921 9 489561 = 1689897.6811918765
5 8425517196 9 489561 = 1542950.056740418
5 6937666941 9 489561 = 226299.34165525436
5 5946012984 9 489561 = 226299.34165525436
0 974722 3 = 0.0
2 10 0 2 3 = 0.0
3 10 6177.000000 = -500769.3900000006
4 5481980994 10 974722 = -292050.0
4 7914856120 10 974722 = -292050.0
4 4544422221 10 974722 = -292050.0
4 5561735243 10 974722 = -175230.0
4 4402751507 10 974722 = -175230.0
1 464215 10 = -321830.529484123
5 5481980994 10 464215 = 2990385.382954344
5 7914856120 10 464215 = 2730351.8713930994
5 4544422221 10 464215 = 2860368.627173722
5 5561735243 10 464215 = 400451.6078043282
5 4402751507 10 464215 = 143343.47324813902
0 464215 3 = 0.0
2 11 0 2 3 = 0.0
3 11 6151.000000 = -284852.8100000024
4 7123569366 11 464215 = -292050.0
4 5964954404 11 464215 = -292050.0
4 7184092961 11 464215 = -292050.0
4 3436193176 11 464215 = -175230.0
4 6558346897 11 464215 = -175230.0
1 974722 11 = -330322.06309589744
5 7123569366 11 974722 = 3217914.7055704445
5 5964954404 11 974722 = 3071645.855317235
5 7184092961 11 974722 = 3510452.4060768485
5 3436193176 11 974722 = 511940.9758862108
5 6558346897 11 974722 = 176619.63668073714
0 974722 2 = 0.0
2 12 22 9 2 = 0.0
3 12 58206.000000 = -4718760.420000002
4 8956910826 12 974722 = -78745.5
4 9801687328 12 974722 = -78745.5
4 5062389692 12 974722 = -47247.29999999702
4 4555473375 12 974722 = -47247.29999999702
4 1045564078 12 974722 = -47247.29999999702
4 6948438273 12 974722 = -47247.29999999702
4 2758577614 12 974722 = -47247.29999999702
4 9803876739 12 974722 = -47247.29999999702
4 5891062979 12 974722 = -47247.29999999702
4 9936953264 12 974722 = -47247.29999999702
4 8526601157 12 974722 = -47247.29999999702
1 850625 12 = -301332.5797982216
5 8956910826 12 850625 = 1.3193827523977235E7
5 9801687328 12 850625 = 3070563.4964892566
5 5062389692 12 850625 = 174638.2988628149
5 4555473375 12 850625 = 201505.72945711017
5 1045564078 12 850625 = 141054.01061996818
5 6948438273 12 850625 = 154487.7259171009
5 2758577614 12 850625 = 134337.1529714167
5 9803876739 12 850625 = 147770.86826854944
5 5891062979 12 850625 = 201505.72945711017
5 9936953264 12 850625 = 141054.01061996818
5 8526601157 12 850625 = 141054.01061996818
0 850625 3 = 0.0
2 13 0 2 3 = 0.0
3 13 4800.000000 = -528000.0
4 7790846771 13 850625 = -292050.0
4 4903624491 13 850625 = -292050.0
4 8705934236 13 850625 = -292050.0
4 2352526004 13 850625 = -175230.0
4 1092990907 13 850625 = -175230.0
1 300346 13 = -353508.98658296466
5 7790846771 13 300346 = 4336495.795751184
5 4903624491 13 300346 = 5162494.99494189
5 8705934236 13 300346 = 4336495.795751184
5 2352526004 13 300346 = 238507.2687663138
5 1092990907 13 300346 = 216824.7897875607
0 300346 3 = 0.0
2 14 0 2 3 = 0.0
3 14 4812.000000 = -470565.4800000042
4 7804016505 14 300346 = -292050.0
4 3544327779 14 300346 = -292050.0
4 5629195734 14 300346 = -292050.0
4 2040133869 14 300346 = -175230.0
4 9086772612 14 300346 = -175230.0
1 850625 14 = -374069.34049651027
5 7804016505 14 850625 = 2.129529185413529E7
5 3544327779 14 850625 = 2.1295291854135275E7
5 5629195734 14 850625 = 4542995.595548868
5 2040133869 14 850625 = 664929.3553485274
5 9086772612 14 850625 = 216824.7897875309
0 462660 3 = 0.0
2 15 0 2 3 = 0.0
3 15 4587.000000 = -251275.8599999845
4 1174872803 15 462660 = -292050.0
4 1526493128 15 462660 = -292050.0
4 7058016725 15 462660 = -292050.0
4 9466146975 15 462660 = -175230.0
4 4633686228 15 462660 = -175230.0
1 850625 15 = -342773.0898064077
5 1174872803 15 850625 = 1.2686489417558074E7
5 1526493128 15 850625 = 1.5996008396051407E7
5 7058016725 15 850625 = 1.1583316424726903E7
5 9466146975 15 850625 = 345955.0505518317
5 4633686228 15 850625 = 395377.2006306648
0 419961 3 = 0.0
2 16 0 2 3 = 0.0
3 16 4540.000000 = -199760.0
4 9482681633 16 419961 = -292050.0
4 6049379575 16 419961 = -292050.0
4 4740974987 16 419961 = -292050.0
4 9589316556 16 419961 = -175230.0
4 1400848158 16 419961 = -175230.0
1 462660 16 = -256035.37603244185
5 9482681633 16 462660 = 1130532.2052626312
5 6049379575 16 462660 = 949647.0524206161
5 4740974987 16 462660 = 904425.764210105
5 9589316556 16 462660 = 52230.58788314462
5 1400848158 16 462660 = 49856.47025209665
0 462660 3 = 0.0
2 17 0 2 3 = 0.0
3 17 4556.000000 = -249577.68000000715
4 1317391261 17 462660 = -292050.0
4 1927459303 17 462660 = -292050.0
4 9188657318 17 462660 = -292050.0
4 7660919744 17 462660 = -175230.0
4 8603666139 17 462660 = -175230.0
1 419961 17 = -279052.7105757296
5 1317391261 17 419961 = 3815546.1927613914
5 1927459303 17 419961 = 852744.2919695377
5 9188657318 17 419961 = 775222.0836086571
5 7660919744 17 419961 = 113957.64629048109
5 8603666139 17 419961 = 50873.94923681021
0 859035 3 = 0.0
2 18 0 2 3 = 0.0
3 18 4498.000000 = -438375.0799999833
4 6493525337 18 859035 = -292050.0
4 5242787884 18 859035 = -292050.0
4 7423631015 18 859035 = -292050.0
4 7810245850 18 859035 = -175230.0
4 3975445327 18 859035 = -175230.0
1 419961 18 = -304670.99139237404
5 6493525337 18 419961 = 6707233.172152668
5 5242787884 18 419961 = 6707233.172152638
5 7423631015 18 419961 = 5902365.191494346
5 7810245850 18 419961 = 192309.78951197863
5 3975445327 18 419961 = 168271.06582295895
0 462660 3 = 0.0
2 19 0 2 3 = 0.0
3 19 4446.000000 = -243551.87999999523
4 8489585878 19 462660 = -292050.0
4 8454973111 19 462660 = -292050.0
4 7529909056 19 462660 = -292050.0
4 1550589948 19 462660 = -175230.0
4 2957206093 19 462660 = -175230.0
1 974722 19 = -319761.0471996367
5 8489585878 19 974722 = 2354768.1084017158
5 8454973111 19 974722 = 2691163.5524591208
5 7529909056 19 974722 = 2803295.3671448827
5 1550589948 19 974722 = 345365.9892322421
5 2957206093 19 974722 = 129512.24596208334
0 296390 3 = 0.0
2 20 0 2 3 = 0.0
3 20 4302.000000 = -351602.46000000834
4 7170319321 20 296390 = -292050.0
4 5205159553 20 296390 = -292050.0
4 6316930472 20 296390 = -292050.0
4 1424383737 20 296390 = -175230.0
4 6707910632 20 296390 = -175230.0
1 974722 20 = -405624.3046435714
5 7170319321 20 974722 = 3886651.965560317
5 5205159553 20 974722 = 3533319.96869123
5 6316930472 20 974722 = 3709985.9671257734
5 1424383737 20 974722 = 204049.22819191217
5 6707910632 20 974722 = 194774.2632740736
0 489561 3 = 0.0
2 21 2 4 2 = 0.0
3 21 4667.000000 = -299808.0800000131
4 3549826505 21 489561 = -292050.0
4 9533068671 21 489561 = -292050.0
4 8163917465 21 489561 = -175230.0
4 7129604838 21 489561 = -175230.0
4 3707751623 21 489561 = -175230.0
4 4058900718 21 489561 = -175230.0
1 464215 21 = -361071.7215716541
5 3549826505 21 464215 = 5239681.056430817
5 9533068671 21 464215 = 1024648.739924252
5 8163917465 21 464215 = 51348.874353051186
5 7129604838 21 464215 = 56239.24333900213
5 3707751623 21 464215 = 63574.79681801796
5 4058900718 21 464215 = 51348.874353051186
0 464215 3 = 0.0
2 22 2 4 2 = 0.0
3 22 4642.000000 = -214971.02000001073
4 7772325783 22 464215 = -292050.0
4 7606273564 22 464215 = -292050.0
4 5327942491 22 464215 = -175230.0
4 3397602257 22 464215 = -175230.0
4 6285441528 22 464215 = -175230.0
4 1092925587 22 464215 = -175230.0
1 489561 22 = -384996.0034323931
5 7772325783 22 489561 = 3929760.7923231125
5 7606273564 22 489561 = 4678286.657527506
5 5327942491 22 489561 = 44013.32087403536
5 3397602257 22 489561 = 44013.32087403536
5 6285441528 22 489561 = 48205.06571918726
5 1092925587 22 489561 = 44013.32087403536
0 850625 3 = 0.0
2 23 2 4 2 = 0.0
3 23 4632.000000 = -509520.0
4 3268342421 23 850625 = -292050.0
4 3641150204 23 850625 = -292050.0
4 7564724416 23 850625 = -175230.0
4 6288608440 23 850625 = -175230.0
4 5288552864 23 850625 = -175230.0
4 2274196015 23 850625 = -175230.0
1 462660 23 = -441996.1356279254
5 3268342421 23 462660 = 2405734.289551735
5 3641150204 23 462660 = 2196540.00350374
5 7564724416 23 462660 = 131792.40021020174
5 6288608440 23 462660 = 109827.00017517805
5 5288552864 23 462660 = 120809.7001926899
5 2274196015 23 462660 = 115318.35018396378
0 451576 3 = 0.0
2 24 0 2 3 = 0.0
3 24 4200.000000 = -198198.0
4 5435861665 24 451576 = -292050.0
4 7301197278 24 451576 = -292050.0
4 1677485123 24 451576 = -292050.0
4 5997926317 24 451576 = -175230.0
4 9943486485 24 451576 = -175230.0
1 489561 24 = -342572.53637212515
5 5435861665 24 489561 = 941847.0308116674
5 7301197278 24 489561 = 874572.2428964972
5 1677485123 24 489561 = 706385.2731087208
5 5997926317 24 489561 = 40617.153203725815
5 9943486485 24 489561 = 38851.19002097845
0 974722 3 = 0.0
2 25 0 2 3 = 0.0
3 25 4108.000000 = -333035.5600000024
4 7032640061 25 974722 = -292050.0
4 9280979726 25 974722 = -292050.0
4 3203026385 25 974722 = -292050.0
4 2516895177 25 974722 = -175230.0
4 4772242846 25 974722 = -175230.0
1 859035 25 = -425541.9078783691
5 7032640061 25 859035 = 1.9766810492793173E7
5 9280979726 25 859035 = 4865676.428995252
5 3203026385 25 859035 = 3568162.71459651
5 2516895177 25 859035 = 590368.7400514483
5 4772242846 25 859035 = 454129.8000395298
0 859035 3 = 0.0
2 26 0 2 3 = 0.0
3 26 4081.000000 = -397734.25999999046
4 7837148053 26 859035 = -292050.0
4 3614586508 26 859035 = -292050.0
4 4489740249 26 859035 = -292050.0
4 7994631190 26 859035 = -175230.0
4 7480203529 26 859035 = -175230.0
1 974722 26 = -435018.8337031007
5 7837148053 26 974722 = 1.9006548550762713E7
5 3614586508 26 974722 = 1.5965500782640696E7
5 4489740249 26 974722 = 3730351.9288963675
5 7994631190 26 974722 = 544955.7600474954
5 7480203529 26 974722 = 170298.67501485348
0 974722 3 = 0.0
2 27 2 4 2 = 0.0
3 27 4490.000000 = -364004.2999999523
4 5464506265 27 974722 = -292050.0
4 1076822275 27 974722 = -292050.0
4 7905511348 27 974722 = -175230.0
4 2586700545 27 974722 = -175230.0
4 6238048335 27 974722 = -175230.0
4 8391540192 27 974722 = -175230.0
1 462660 27 = -474401.3488743901
5 5464506265 27 462660 = 1.0278749679531217E7
5 1076822275 27 462660 = 1993454.48330307
5 7905511348 27 462660 = 104656.3603733778
5 2586700545 27 462660 = 130820.45046675205
5 6238048335 27 462660 = 120354.81442940235
5 8391540192 27 462660 = 104656.36037349701
0 974722 3 = 0.0
2 28 0 2 3 = 0.0
3 28 4048.000000 = -328171.3600000143
4 7608896428 28 974722 = -292050.0
4 2516993159 28 974722 = -292050.0
4 8070589829 28 974722 = -292050.0
4 2634783712 28 974722 = -175230.0
4 8683971389 28 974722 = -175230.0
1 300346 28 = -499161.6709843874
5 7608896428 28 300346 = 3183989.8320239782
5 2516993159 28 300346 = 3343189.3236251473
5 8070589829 28 300346 = 3183989.8320239782
5 2634783712 28 300346 = 468046.5053074956
5 8683971389 28 300346 = 175517.4394903183
0 300346 3 = 0.0
2 29 0 2 3 = 0.0
3 29 4011.000000 = -392235.6899999976
4 9368328936 29 300346 = -292050.0
4 6888854005 29 300346 = -292050.0
4 4634034592 29 300346 = -292050.0
4 7365227291 29 300346 = -175230.0
4 8519926024 29 300346 = -175230.0
1 974722 29 = -505019.9312713742
5 9368328936 29 974722 = 3343189.3236251473
5 6888854005 29 974722 = 3343189.3236251473
5 4634034592 29 974722 = 3502388.815226376
5 7365227291 29 974722 = 183875.41279935837
5 8519926024 29 974722 = 175517.4394903183
0 859035 0 = 0.0
2 30 4 8 4 = 0.0
3 30 3157.000000 = -307681.219999969
4 5032516007 30 859035 = -28228.5
4 7409405381 30 859035 = -28228.5
4 9169288808 30 859035 = -28228.5
4 6756092772 30 859035 = -28228.5
4 6945966127 30 859035 = -16937.100000023842
4 7248460956 30 859035 = -16937.099999964237
4 5571794103 30 859035 = -16937.100000023842
4 4318224854 30 859035 = -16937.099999964237
4 6199988038 30 859035 = -16937.100000023842
4 4097960263 30 859035 = -16937.099999964237
4 8168707933 30 859035 = -16937.100000023842
4 5745383839 30 859035 = -16937.099999964237
1 462660 30 = -414904.67579609156
5 5032516007 30 462660 = 190771.30802750587
5 7409405381 30 462660 = 173428.46184319258
5 9169288808 30 462660 = 208114.15421181917
5 6756092772 30 462660 = 190771.30802750587
5 6945966127 30 462660 = 9560.243959128857
5 7248460956 30 462660 = 12746.991945445538
5 5571794103 30 462660 = 9560.243959128857
5 4318224854 30 462660 = 11381.24280846119
5 6199988038 30 462660 = 11381.24280846119
5 4097960263 30 462660 = 10015.493671417236
5 8168707933 30 462660 = 10015.493671417236
5 5745383839 30 462660 = 10015.493671417236
0 974722 3 = 0.0
2 31 0 2 3 = 0.0
3 31 4015.000000 = -325496.0500000119
4 3204260014 31 974722 = -292050.0
4 7418379823 31 974722 = -292050.0
4 6478417518 31 974722 = -292050.0
4 4001986789 31 974722 = -175230.0
4 5907937870 31 974722 = -175230.0
1 489561 31 = -523940.45901072025
5 3204260014 31 489561 = 5716497.553375483
5 7418379823 31 489561 = 984996.5015047193
5 6478417518 31 489561 = 1031901.0968144536
5 4001986789 31 489561 = 144466.1535540223
5 5907937870 31 489561 = 144466.1535540223
0 974722 3 = 0.0
2 32 2 4 2 = 0.0
3 32 4349.000000 = -352573.43000000715
4 7042621157 32 974722 = -292050.0
4 2524242382 32 974722 = -292050.0
4 5432131994 32 974722 = -175230.0
4 3466889814 32 974722 = -175230.0
4 4594061512 32 974722 = -175230.0
4 6718915413 32 974722 = -175230.0
1 296390 32 = -590706.8372796774
5 7042621157 32 296390 = 4063317.9639948606
5 2524242382 32 296390 = 3709985.9671257734
5 5432131994 32 296390 = 194774.2632740736
5 3466889814 32 296390 = 222599.15802752972
5 4594061512 32 296390 = 194774.2632740736
5 6718915413 32 296390 = 278248.94753444195
0 296390 0 = 0.0
2 33 9 6 4 = 0.0
3 33 4625.000000 = -378001.25
4 8967308802 33 296390 = -28228.5
4 3139800838 33 296390 = -28228.5
4 4788013896 33 296390 = -28228.5
4 4035361479 33 296390 = -28228.5
4 5822564120 33 296390 = -16937.100000023842
4 7750080962 33 296390 = -16937.100000023842
4 5133774277 33 296390 = -16937.099999964237
4 9363210684 33 296390 = -16937.099999964237
4 2888565146 33 296390 = -16937.100000023842
4 2645105761 33 296390 = -16937.100000023842
1 300346 33 = -531035.5385157466
5 8967308802 33 300346 = 2261282.3256196976
5 3139800838 33 300346 = 442206.321454525
5 4788013896 33 300346 = 422106.0341156721
5 4035361479 33 300346 = 422106.0341156721
5 5822564120 33 300346 = 31657.95255869627
5 7750080962 33 300346 = 24271.096961677074
5 5133774277 33 300346 = 22160.566791057587
5 9363210684 33 300346 = 28492.15730279684
5 2888565146 33 300346 = 30602.687473356724
5 2645105761 33 300346 = 23215.83187633753
0 300346 3 = 0.0
2 34 0 2 3 = 0.0
3 34 3876.000000 = -379034.03999996185
4 2737263466 34 300346 = -292050.0
4 7879730895 34 300346 = -292050.0
4 2947223347 34 300346 = -292050.0
4 5042763994 34 300346 = -175230.0
4 2917027103 34 300346 = -175230.0
1 489561 34 = -471324.656067431
5 2737263466 34 489561 = 4382310.831490159
5 7879730895 34 489561 = 4382310.831490159
5 2947223347 34 489561 = 979411.6905933619
5 5042763994 34 489561 = 63105.27597343922
5 2917027103 34 489561 = 49081.88131266832
0 489561 3 = 0.0
2 35 2 4 2 = 0.0
3 35 4241.000000 = -272441.8400000334
4 2103362421 35 489561 = -292050.0
4 4613031691 35 489561 = -292050.0
4 8138041754 35 489561 = -175230.0
4 1311121084 35 489561 = -175230.0
4 1734968208 35 489561 = -175230.0
4 5276639683 35 489561 = -175230.0
1 462660 35 = -435409.50834333897
5 2103362421 35 462660 = 798101.7838246226
5 4613031691 35 462660 = 877911.9622070789
5 8138041754 35 462660 = 60755.49829363823
5 1311121084 35 462660 = 58660.48111110926
5 1734968208 35 462660 = 46090.378015875816
5 5276639683 35 462660 = 54470.44674605131
0 451576 3 = 0.0
2 36 0 2 3 = 0.0
3 36 3821.000000 = -180312.99000000954
4 2077032314 36 451576 = -292050.0
4 2488120013 36 451576 = -292050.0
4 3878525862 36 451576 = -292050.0
4 8539811352 36 451576 = -175230.0
4 2079579171 36 451576 = -175230.0
1 464215 36 = -497376.92445111275
5 2077032314 36 464215 = 3556097.420487821
5 2488120013 36 464215 = 796565.8221892715
5 3878525862 36 464215 = 796565.8221892715
5 8539811352 36 464215 = 116829.65392106771
5 2079579171 36 464215 = 111519.21510648727
0 859035 3 = 0.0
2 37 0 2 3 = 0.0
3 37 3749.000000 = -365377.54000002146
4 1615052208 37 859035 = -292050.0
4 5294278442 37 859035 = -292050.0
4 3600509559 37 859035 = -292050.0
4 4991532699 37 859035 = -175230.0
4 9470005699 37 859035 = -175230.0
1 464215 37 = -527649.5488693714
5 1615052208 37 464215 = 7336960.642323852
5 5294278442 37 464215 = 1639752.4737129211
5 3600509559 37 464215 = 1490684.0670118332
5 4991532699 37 464215 = 229565.34631979465
5 9470005699 37 464215 = 229565.34631979465
0 462660 3 = 0.0
2 38 3 1 3 = 0.0
3 38 4212.000000 = -230733.3599999547
4 7908336275 38 462660 = -292050.0
4 6990551295 38 462660 = -292050.0
4 5872312592 38 462660 = -292050.0
4 4063592303 38 462660 = -175230.0
1 489561 38 = -473190.730473578
5 7908336275 38 489561 = 3206658.9528666735
5 6990551295 38 489561 = 684087.2432782054
5 5872312592 38 489561 = 718291.6054421067
5 4063592303 38 489561 = 134081.0996825099
0 451576 3 = 0.0
2 39 0 2 3 = 0.0
3 39 3690.000000 = -174131.09999996424
4 4023204066 39 451576 = -292050.0
4 1219032747 39 451576 = -292050.0
4 5041924618 39 451576 = -292050.0
4 5964300644 39 451576 = -175230.0
4 3777434691 39 451576 = -175230.0
1 419961 39 = -448032.5908719301
5 4023204066 39 419961 = 2557919.068305373
5 1219032747 39 419961 = 572973.8713003397
5 5041924618 39 419961 = 545689.4012384415
5 5964300644 39 419961 = 80216.34198212624
5 3777434691 39 419961 = 76396.51617336273
0 419961 3 = 0.0
2 40 0 2 3 = 0.0
3 40 3683.000000 = -162052.0
4 6461646065 40 419961 = -292050.0
4 1617269016 40 419961 = -292050.0
4 5165901890 40 419961 = -292050.0
4 4863224135 40 419961 = -175230.0
4 1813590718 40 419961 = -175230.0
1 451576 40 = -448996.851062119
5 6461646065 40 451576 = 3431874.749976337
5 1617269016 40 451576 = 891292.6886895299
5 5165901890 40 451576 = 636637.6347782016
5 4863224135 40 451576 = 38436.997199714184
5 1813590718 40 451576 = 33423.475825846195
0 419961 3 = 0.0
2 41 5 3 2 = 0.0
3 41 4515.000000 = -198660.0
4 1798953320 41 419961 = -292050.0
4 9884801935 41 419961 = -292050.0
4 5120676633 41 419961 = -175230.0
4 5769915169 41 419961 = -175230.0
4 6198541980 41 419961 = -175230.0
1 859035 41 = -471965.6684690714
5 1798953320 41 859035 = 1335484.6493886113
5 9884801935 41 859035 = 1335484.6493886113
5 5120676633 41 859035 = 70112.94409292936
5 5769915169 41 859035 = 93483.92545717955
5 6198541980 41 859035 = 73451.65571635962
397357945.494907 = 0.0
