0 857887 2 = 0.0
2 0 2 2 1 = 0.0
3 0 89794.000000 = -4247256.2
4 8778125047 0 857887 = -46426.5
4 2783232623 0 857887 = -27855.900000000373
4 9193743365 0 857887 = -27855.900000000373
1 934718 0 = -162598.53902735002
5 8778125047 0 934718 = 678788.8814814929
5 2783232623 0 934718 = 39200.057905556634
5 9193743365 0 934718 = 39200.0579055557
0 950388 2 = 0.0
2 1 0 3 0 = 0.0
3 1 72419.000000 = -3544910.05
4 1243695203 1 950388 = -27855.900000000373
4 3722749743 1 950388 = -27855.900000000373
4 8966704555 1 950388 = -27855.900000000373
1 301932 1 = -195155.21867178474
5 1243695203 1 301932 = 55966.842556795105
5 3722749743 1 301932 = 38597.8224529624
5 8966704555 1 301932 = 44387.495820906945
0 960635 2 = 0.0
2 2 0 3 0 = 0.0
3 2 48891.000000 = -2398592.46
4 3044566106 2 960635 = -27855.900000000373
4 1765567484 2 960635 = -27855.900000000373
4 1351522651 2 960635 = -27855.900000000373
1 680229 2 = -290997.59316445887
5 3044566106 2 680229 = 24479.46339917928
5 1765567484 2 680229 = 24479.463399177417
5 1351522651 2 680229 = 26927.40973909758
0 596630 2 = 0.0
2 3 1 0 1 = 0.0
3 3 94736.000000 = -5345952.479999999
4 4926919414 3 596630 = -46426.5
1 176831 3 = -246620.63713243976
5 4926919414 3 176831 = 2897886.5386684686
0 831434 2 = 0.0
2 4 2 0 1 = 0.0
3 4 52536.000000 = -2265352.3200000003
4 9031768917 4 831434 = -46426.5
1 372483 4 = -182925.73743471876
5 9031768917 4 372483 = 569486.1355279535
0 934718 2 = 0.0
2 5 1 2 0 = 0.0
3 5 89783.000000 = -5925678.0
4 4663128662 5 934718 = -27855.89999999851
4 7688376558 5 934718 = -27855.89999999851
1 857887 5 = -281568.76742330194
5 4663128662 5 857887 = 41236.42455000058
5 7688376558 5 857887 = 30545.499666668475
0 935521 2 = 0.0
2 6 1 2 0 = 0.0
3 6 48396.000000 = -2342366.3999999985
4 1331824880 6 935521 = -27855.89999999851
4 9651370377 6 935521 = -27855.89999999851
1 615684 6 = -198710.92802640796
5 1331824880 6 615684 = 31180.90926130116
5 9651370377 6 615684 = 28346.281146638095
0 958943 2 = 0.0
2 7 2 2 0 = 0.0
3 7 74297.000000 = -3865672.91
4 6408431740 7 958943 = -27855.89999999851
4 1078873989 7 958943 = -27855.89999999851
1 926376 7 = -234314.06923804805
5 6408431740 7 926376 = 30618.705907735974
5 1078873989 7 926376 = 30618.70590773225
0 163550 2 = 0.0
2 8 2 2 0 = 0.0
3 8 61398.000000 = -2667743.099999994
4 9194707000 8 163550 = -27855.89999999851
4 6674918525 8 163550 = -27855.89999999851
1 125973 8 = -165622.4208944887
5 9194707000 8 125973 = 35250.37778940797
5 6674918525 8 125973 = 33648.08788989112
0 176831 2 = 0.0
2 9 2 2 0 = 0.0
3 9 53645.000000 = -2059431.549999997
4 6691704795 9 176831 = -27855.89999999851
4 5339164344 9 176831 = -27855.89999999851
1 301932 9 = -323508.93507909775
5 6691704795 9 301932 = 30226.69343232736
5 5339164344 9 301932 = 31738.02810394019
-32822854.133579 = 0.0
