0 279651 2 = 0.0
2 0 1 4 0 = 0.0
3 0 83901.000000 = -4060808.4
4 4195431065 0 279651 = -28317.600000000093
4 5045448704 0 279651 = -28317.600000000093
4 9457661803 0 279651 = -28317.600000000093
4 5467098659 0 279651 = -28317.600000000093
1 450587 0 = -264817.8297780915
5 4195431065 0 450587 = 34577.565216614865
5 5045448704 0 450587 = 34577.56521661393
5 9457661803 0 450587 = 31570.820415169932
5 5467098659 0 450587 = 31570.820415169932
0 279651 2 = 0.0
2 1 6 3 1 = 0.0
3 1 49855.000000 = -2412982.0
4 4847137138 1 279651 = -47196.0
4 2132533000 1 279651 = -28317.599999999627
4 8942880269 1 279651 = -28317.599999999627
4 9507512804 1 279651 = -28317.599999999627
1 636406 1 = -196931.08422309998
5 4847137138 1 636406 = 630277.134113783
5 2132533000 1 636406 = 33089.54954097327
5 8942880269 1 636406 = 34744.02701802272
5 9507512804 1 636406 = 38052.98197211977
0 504617 2 = 0.0
2 2 8 2 1 = 0.0
3 2 50796.000000 = -2760254.6400000006
4 5005272703 2 504617 = -47196.0
4 1443113706 2 504617 = -28317.599999999627
4 3436154628 2 504617 = -28317.599999999627
1 450587 2 = -226192.79736248404
5 5005272703 2 450587 = 645818.226693904
5 1443113706 2 450587 = 27626.668586350977
5 3436154628 2 450587 = 27626.668586349115
0 279651 2 = 0.0
2 3 7 4 0 = 0.0
3 3 52464.000000 = -2539257.5999999996
4 7650184019 3 279651 = -28317.599999999627
4 1331464709 3 279651 = -28317.599999999627
4 6988457517 3 279651 = -28317.599999999627
4 2874237026 3 279651 = -28317.599999999627
1 782615 3 = -221422.56046234444
5 7650184019 3 782615 = 26868.40021790564
5 1331464709 3 782615 = 28147.847847329453
5 6988457517 3 782615 = 29427.295476753265
5 2874237026 3 782615 = 26868.40021790564
0 271468 2 = 0.0
2 4 2 2 0 = 0.0
3 4 75643.000000 = -3686083.3899999987
4 8448786783 4 271468 = -28317.60000000149
4 8509963347 4 271468 = -28317.60000000149
1 206664 4 = -165470.77195456997
5 8448786783 4 206664 = 34182.68041553907
5 8509963347 4 206664 = 51274.020623307675
0 753816 2 = 0.0
2 5 4 2 0 = 0.0
3 5 89352.000000 = -5818602.240000002
4 1812419122 5 753816 = -28317.60000000149
4 1709011834 5 753816 = -28317.60000000149
1 315242 5 = -231181.05211988837
5 1812419122 5 315242 = 51621.3631872125
5 1709011834 5 315242 = 35600.94012911245
0 782615 2 = 0.0
2 6 8 3 0 = 0.0
3 6 52441.000000 = -2393931.6499999985
4 6569398260 6 782615 = -28317.60000000149
4 4950524169 6 782615 = -28317.60000000149
4 6883423579 6 782615 = -28317.60000000149
1 279651 6 = -171818.50775669888
5 6569398260 6 279651 = 32839.15582188591
5 4950524169 6 279651 = 34331.84472287819
5 6883423579 6 279651 = 29853.778019893914
0 784763 1 = 0.0
2 7 5 4 2 = 0.0
3 7 61942.000000 = -3904204.2600000016
4 9079932194 7 784763 = -9702.0
4 2906678783 7 784763 = -9702.0
4 6071886957 7 784763 = -5821.199999999255
4 7238390093 7 784763 = -5821.199999999255
4 6309490293 7 784763 = -5821.199999999255
4 3120471774 7 784763 = -5821.199999999255
1 333205 7 = -245791.17509939522
5 9079932194 7 333205 = 298576.57887211815
5 2906678783 7 333205 = 284358.6465448737
5 6071886957 7 333205 = 16421.711837965995
5 7238390093 7 333205 = 15675.27039078623
5 6309490293 7 333205 = 15675.27039078623
5 3120471774 7 333205 = 15675.27039078623
0 518919 1 = 0.0
2 8 3 4 1 = 0.0
3 8 80578.000000 = -3935429.5200000033
4 2607122107 8 518919 = -9702.0
4 5729426868 8 518919 = -5821.20000000298
4 1363586283 8 518919 = -5821.20000000298
4 6979207411 8 518919 = -5821.20000000298
4 3904787213 8 518919 = -5821.20000000298
1 595569 8 = -262886.9552657008
5 2607122107 8 595569 = 327567.797280021
5 5729426868 8 595569 = 17197.309357203543
5 1363586283 8 595569 = 24076.233100079
5 6979207411 8 595569 = 18057.174825061113
5 3904787213 8 595569 = 18917.040292922407
-31231739.976285 = 0.0
