0 504380 2 = 0.0
2 0 3 2 1 = 0.0
3 0 47742.000000 = -3066946.0799999996
4 2621343245 0 504380 = -48991.5
4 2115058799 0 504380 = -29394.899999999907
4 8034657092 0 504380 = -29394.899999999907
1 319995 0 = -157419.43049187167
5 2621343245 0 319995 = 2753856.6169491075
5 2115058799 0 319995 = 28039.267372572795
5 8034657092 0 319995 = 30843.194109830074
0 441677 2 = 0.0
2 1 1 1 1 = 0.0
3 1 53763.000000 = -3625239.09
4 2130486840 1 441677 = -48991.5
4 3855552831 1 441677 = -29394.900000000373
1 572303 1 = -290999.5959731834
5 2130486840 1 572303 = 691745.2193577467
5 3855552831 1 572303 = 51880.891451830976
0 306549 2 = 0.0
2 2 0 3 0 = 0.0
3 2 70068.000000 = -4578243.12
4 5383014967 2 306549 = -29394.900000000373
4 4554920985 2 306549 = -29394.900000001304
4 4445781793 2 306549 = -29394.89999999851
1 775943 2 = -169245.6335756667
5 5383014967 2 775943 = 30113.02522536367
5 4554920985 2 775943 = 31546.978807523847
5 4445781793 2 775943 = 31546.978807523847
0 158160 2 = 0.0
2 3 2 3 0 = 0.0
3 3 76362.000000 = -4922294.52
4 7843546584 3 158160 = -29394.89999999851
4 8440196472 3 158160 = -29394.89999999851
4 4908244463 3 158160 = -29394.89999999851
1 547987 3 = -163249.3593146503
5 7843546584 3 547987 = 35980.44173769839
5 8440196472 3 547987 = 39407.15047462471
5 4908244463 3 547987 = 34267.087369237095
0 188648 2 = 0.0
2 4 1 3 0 = 0.0
3 4 48506.000000 = -1766103.460000001
4 8183936844 4 188648 = -29394.89999999851
4 9640369750 4 188648 = -29394.89999999851
4 5117790819 4 188648 = -29394.89999999851
1 376964 4 = -157842.63368983194
5 8183936844 4 376964 = 28383.004255304113
5 9640369750 4 376964 = 31221.304680833593
5 5117790819 4 376964 = 29802.154468068853
0 483409 2 = 0.0
2 5 1 0 1 = 0.0
3 5 58470.000000 = -3003603.9000000004
4 6460286385 5 483409 = -48991.5
1 629246 5 = -336084.5903663263
5 6460286385 5 629246 = 753078.8755625933
0 548181 2 = 0.0
2 6 0 2 0 = 0.0
3 6 80869.000000 = -5301771.640000001
4 3438647789 6 548181 = -29394.89999999851
4 4541541239 6 548181 = -29394.89999999851
1 311338 6 = -243513.665190354
5 3438647789 6 311338 = 43715.54766380787
5 4541541239 6 311338 = 41728.47731545195
0 845020 2 = 0.0
2 7 0 2 0 = 0.0
3 7 66606.000000 = -2197998.0
4 6665682390 7 845020 = -29394.89999999851
4 8409516158 7 845020 = -29394.89999999851
1 897585 7 = -228906.29717939347
5 6665682390 7 897585 = 39533.62273700908
5 8409516158 7 897585 = 36239.15417559445
0 881758 2 = 0.0
2 8 1 2 0 = 0.0
3 8 86144.000000 = -3534488.320000004
4 3083273197 8 881758 = -29394.89999999851
4 6760788092 8 881758 = -29394.89999999851
1 311338 8 = -259674.4590811357
5 3083273197 8 311338 = 38835.471915103495
5 6760788092 8 311338 = 37070.2231916897
0 220218 2 = 0.0
2 9 2 0 1 = 0.0
3 9 50775.000000 = -3245030.25
4 3886706224 9 220218 = -48991.5
1 158906 9 = -213981.4041781798
5 3886706224 9 158906 = 3139754.709181085
0 249028 2 = 0.0
2 10 0 2 0 = 0.0
3 10 45990.000000 = -3328756.200000003
4 4007028510 10 249028 = -29394.89999999851
4 3484702276 10 249028 = -29394.89999999851
1 136659 10 = -347413.274635002
5 4007028510 10 136659 = 32581.765984609723
5 3484702276 10 136659 = 32581.765984609723
0 504380 3 = 0.0
2 11 2 3 0 = 0.0
3 11 6137.000000 = -394240.8800000027
4 9881305855 11 504380 = -907200.0
4 5004477020 11 504380 = -907200.0
4 1421637852 11 504380 = -907200.0
1 680569 11 = -272998.03419724107
5 9881305855 11 680569 = 89595.42984132469
5 5004477020 11 680569 = 59730.28656088561
5 1421637852 11 680569 = 62716.80088892579
0 139744 2 = 0.0
2 12 1 2 0 = 0.0
3 12 59702.000000 = -3093160.6199999973
4 8924003700 12 139744 = -29394.89999999851
4 9702565357 12 139744 = -29394.89999999851
1 831149 12 = -232014.99046434462
5 8924003700 12 831149 = 29891.83643308282
5 9702565357 12 831149 = 29891.83643308282
0 322216 3 = 0.0
2 13 1 3 0 = 0.0
3 13 4859.000000 = -239986.0099999979
4 9859273934 13 322216 = -907200.0
4 2630308215 13 322216 = -907200.0
4 4968905721 13 322216 = -907200.0
1 671681 13 = -250660.14009777457
5 9859273934 13 671681 = 51667.5300077796
5 2630308215 13 671681 = 59417.65950893611
5 4968905721 13 671681 = 64584.41250971705
0 428253 2 = 0.0
2 14 1 2 0 = 0.0
3 14 56933.000000 = -2674143.0099999905
4 9201783817 14 428253 = -29394.90000000596
4 8942381024 14 428253 = -29394.89999999106
1 434958 14 = -208660.2396967411
5 9201783817 14 434958 = 31088.285240359604
5 8942381024 14 434958 = 37305.942288435996
-46289669.499640 = 0.0
