0 698748 2 = 0.0
2 0 0 3 0 = 0.0
3 0 94721.000000 = -4042692.28
4 9139616454 0 698748 = -26470.799999999814
4 8159725303 0 698748 = -26470.799999999814
4 6282733825 0 698748 = -26470.799999999814
1 761348 0 = -167458.774306132
5 9139616454 0 761348 = 43270.80270824209
5 8159725303 0 761348 = 36059.00225686934
5 6282733825 0 761348 = 48679.65304677235
0 720761 2 = 0.0
2 1 1 3 0 = 0.0
3 1 103396.000000 = -4924751.48
4 5214837439 1 720761 = -26470.800000000745
4 7006910770 1 720761 = -26470.800000000745
4 4586116846 1 720761 = -26470.800000000745
1 814126 1 = -227419.69631976075
5 5214837439 1 814126 = 36724.177336351946
5 7006910770 1 814126 = 38560.38620316982
5 4586116846 1 814126 = 38560.386203171685
0 538772 2 = 0.0
2 2 1 3 0 = 0.0
3 2 82794.000000 = -4881534.24
4 7758986822 2 538772 = -26470.800000000745
4 5286590871 2 538772 = -26470.800000000745
4 4810502246 2 538772 = -26470.800000000745
1 572672 2 = -204540.2777366601
5 7758986822 2 572672 = 38467.83313893899
5 5286590871 2 572672 = 40216.37100889161
5 4810502246 2 572672 = 38467.83313893899
0 329312 2 = 0.0
2 3 0 0 1 = 0.0
3 3 76697.000000 = -4353321.720000001
4 4417378147 3 329312 = -44118.0
1 643692 3 = -225712.52027552947
5 4417378147 3 643692 = 970941.4770024493
0 254857 2 = 0.0
2 4 2 1 1 = 0.0
3 4 50674.000000 = -2770347.580000002
4 4809412633 4 254857 = -44118.0
4 1030624266 4 254857 = -26470.800000000745
1 588896 4 = -162375.35394956917
5 4809412633 4 588896 = 549475.7353446633
5 1030624266 4 588896 = 28847.47610559687
0 232245 2 = 0.0
2 5 2 3 0 = 0.0
3 5 72484.000000 = -2583329.7600000016
4 8936460005 5 232245 = -26470.800000000745
4 8501213303 5 232245 = -26470.800000000745
4 4830665416 5 232245 = -26470.800000000745
1 185398 5 = -243172.8312907219
5 8936460005 5 185398 = 37164.006111908704
5 8501213303 5 185398 = 45610.37113734707
5 4830665416 5 185398 = 40542.55212208629
0 639494 2 = 0.0
2 6 1 3 0 = 0.0
3 6 46670.000000 = -2582251.1000000015
4 1488423083 6 639494 = -26470.800000000745
4 9929919210 6 639494 = -26470.800000000745
4 3433248728 6 639494 = -26470.800000000745
1 573918 6 = -216323.70626821741
5 1488423083 6 573918 = 34595.888487476856
5 9929919210 6 573918 = 33023.34810168296
5 3433248728 6 573918 = 33023.348101679236
0 714992 2 = 0.0
2 7 0 2 0 = 0.0
3 7 96033.000000 = -5714923.830000002
4 1762159382 7 714992 = -26470.79999999702
4 5874641883 7 714992 = -26470.79999999702
1 296284 7 = -367887.4447174892
5 1762159382 7 296284 = 30998.729276508093
5 5874641883 7 296284 = 40298.348059464246
0 516660 2 = 0.0
2 8 0 2 0 = 0.0
3 8 86397.000000 = -5597661.630000006
4 9094690629 8 516660 = -26470.79999999702
4 6418901341 8 516660 = -26470.79999999702
1 742908 8 = -324708.7653769925
5 9094690629 8 742908 = 52485.14750377834
5 6418901341 8 742908 = 44410.509426273406
0 247542 2 = 0.0
2 9 0 2 0 = 0.0
3 9 79298.000000 = -4047369.920000002
4 1002273173 9 247542 = -26470.79999999702
4 5795083753 9 247542 = -26470.79999999702
1 855673 9 = -290449.302342616
5 1002273173 9 855673 = 44489.75352168083
5 5795083753 9 855673 = 37074.794601395726
0 929995 2 = 0.0
2 10 0 2 0 = 0.0
3 10 76205.000000 = -3973328.700000003
4 6044972605 10 929995 = -26470.79999999702
4 6179991203 10 929995 = -26470.79999999702
1 390216 10 = -225518.53872570395
5 6044972605 10 390216 = 30826.304878495634
5 6179991203 10 390216 = 32294.22415842116
0 826296 2 = 0.0
2 11 0 2 0 = 0.0
3 11 73906.000000 = -3804680.8800000027
4 4349517403 11 826296 = -26470.79999999702
4 9429270820 11 826296 = -26470.79999999702
1 571859 11 = -251164.5379699692
5 4349517403 11 571859 = 34942.88326410204
5 9429270820 11 571859 = 30575.022856086493
0 309679 2 = 0.0
2 12 2 3 0 = 0.0
3 12 47256.000000 = -2432738.8800000027
4 4288124323 12 309679 = -26470.79999999702
4 2045359977 12 309679 = -26470.79999999702
4 7509654739 12 309679 = -26470.79999999702
1 148255 12 = -239424.895649001
5 4288124323 12 148255 = 30579.676635302603
5 2045359977 12 148255 = 29189.691333703697
5 7509654739 12 148255 = 29189.691333696246
0 412748 2 = 0.0
2 13 1 0 1 = 0.0
3 13 46674.000000 = -2962398.780000001
4 3883336876 13 412748 = -44118.0
1 720761 13 = -207712.34827263653
5 3883336876 13 720761 = 2317411.122606814
0 637340 2 = 0.0
2 14 1 2 0 = 0.0
3 14 115406.000000 = -8061109.1000000015
4 8598188144 14 637340 = -26470.79999999702
4 8493669429 14 637340 = -26470.79999999702
1 376736 14 = -459557.98365766555
5 8598188144 14 376736 = 45032.261433176696
5 8493669429 14 376736 = 33774.19607488066
0 826296 2 = 0.0
2 15 1 2 0 = 0.0
3 15 109135.000000 = -5618269.799999997
4 2781868433 15 826296 = -26470.79999999702
4 2369666204 15 826296 = -26470.79999999702
1 323170 15 = -319008.73610404134
5 2781868433 15 323170 = 44548.52038098872
5 2369666204 15 323170 = 46669.878494381905
0 134899 2 = 0.0
2 16 1 2 0 = 0.0
3 16 67427.000000 = -4034831.680000007
4 9540049547 16 134899 = -26470.79999999702
4 2776080637 16 134899 = -26470.79999999702
1 831911 16 = -277175.7240343541
5 9540049547 16 831911 = 43466.79895195365
5 2776080637 16 831911 = 41576.938127964735
0 662631 2 = 0.0
2 17 2 2 0 = 0.0
3 17 103938.000000 = -7831728.299999997
4 9540690513 17 662631 = -26470.79999999702
4 2278474981 17 662631 = -26470.79999999702
1 836985 17 = -485463.5337624848
5 9540690513 17 836985 = 37813.55714812875
5 2278474981 17 836985 = 36237.99226696789
0 326308 2 = 0.0
2 18 1 2 0 = 0.0
3 18 48302.000000 = -2954150.319999993
4 3866680921 18 326308 = -26470.79999999702
4 2527519284 18 326308 = -26470.79999999702
1 698748 18 = -250390.1025505066
5 3866680921 18 698748 = 29125.156705737114
5 2527519284 18 698748 = 26698.06031358242
0 588896 2 = 0.0
2 19 2 2 0 = 0.0
3 19 77494.000000 = -3870050.3599999994
4 3506659794 19 588896 = -26470.79999999702
4 8774047059 19 588896 = -26470.79999999702
1 814126 19 = -351492.7267719954
5 3506659794 19 814126 = 41279.18171004951
5 8774047059 19 814126 = 37839.249900877476
0 305988 2 = 0.0
2 20 2 2 0 = 0.0
3 20 75832.000000 = -4204126.079999998
4 8183277942 20 305988 = -26470.79999999702
4 9796069640 20 305988 = -26470.79999999702
1 470415 20 = -244956.92842377722
5 8183277942 20 470415 = 42753.8535348475
5 9796069640 20 470415 = 34203.08282788098
0 755328 2 = 0.0
2 21 4 0 1 = 0.0
3 21 56776.000000 = -2797921.280000001
4 1849951478 21 755328 = -44118.0
1 818394 21 = -272275.3541210443
5 1849951478 21 818394 = 621180.3033731729
0 376736 2 = 0.0
2 22 0 1 0 = 0.0
3 22 115419.000000 = -5446622.610000014
4 5756258566 22 376736 = -26470.79999998212
1 637340 22 = -379532.4548177719
5 5756258566 22 637340 = 41279.5729804039
0 695267 2 = 0.0
2 23 0 1 0 = 0.0
3 23 99192.000000 = -5597404.560000002
4 9484936071 23 695267 = -26470.79999999702
1 933315 23 = -264328.8763474226
5 9484936071 23 933315 = 38235.49605099857
0 761348 2 = 0.0
2 24 0 1 0 = 0.0
3 24 94702.000000 = -5562795.480000004
4 6784992329 24 761348 = -26470.79999999702
1 698748 24 = -347512.00958764553
5 6784992329 24 698748 = 33998.487842187285
-112857323.438250 = 0.0
