0 814648 1 = 0.0
2 0 5 5 1 = 0.0
3 0 84882.000000 = -3977570.52
4 4560581848 0 814648 = -9560.25
4 3097992382 0 814648 = -5736.149999999907
4 7540047130 0 814648 = -5736.149999999907
4 1539815678 0 814648 = -5736.149999999907
4 1863916794 0 814648 = -5736.149999999907
4 8256042479 0 814648 = -5736.149999999907
1 937546 0 = -174942.59606123716
5 4560581848 0 937546 = 366787.60289755976
5 3097992382 0 937546 = 19256.34915212216
5 7540047130 0 937546 = 19256.349152121693
5 1539815678 0 937546 = 19256.349152121693
5 1863916794 0 937546 = 17505.77195647452
5 8256042479 0 937546 = 19256.349152121693
0 794296 1 = 0.0
2 1 8 2 2 = 0.0
3 1 125840.000000 = -4567992.0
4 8465013160 1 794296 = -9560.25
4 7960881136 1 794296 = -9560.25
4 2819922713 1 794296 = -5736.1500000003725
4 4011291839 1 794296 = -5736.1500000003725
1 214850 1 = -213734.00492736977
5 8465013160 1 214850 = 387689.8487833282
5 7960881136 1 214850 = 461535.53426586743
5 2819922713 1 214850 = 21322.941683083773
5 4011291839 1 214850 = 20353.717061124742
0 243193 1 = 0.0
2 2 8 7 0 = 0.0
3 2 127989.000000 = -4829024.969999999
4 3090310209 2 243193 = -5736.1500000003725
4 9477448299 2 243193 = -5736.1500000003725
4 7127490124 2 243193 = -5736.1500000003725
4 5337736329 2 243193 = -5736.1500000003725
4 6363108263 2 243193 = -5736.1500000003725
4 5522996747 2 243193 = -5736.1500000003725
4 3793151980 2 243193 = -5736.1500000003725
1 435945 2 = -207777.48204149492
5 3090310209 2 435945 = 21398.585314078256
5 9477448299 2 435945 = 23343.911251723766
5 7127490124 2 435945 = 20425.922345258296
5 5337736329 2 435945 = 28207.22609583102
5 6363108263 2 435945 = 20425.922345258296
5 5522996747 2 435945 = 19453.25937643461
5 3793151980 2 435945 = 21398.58531408012
0 435945 1 = 0.0
2 3 3 2 1 = 0.0
3 3 127906.000000 = -6049953.800000001
4 6282839117 3 435945 = -9560.25
4 2612614329 3 435945 = -5736.14999999851
4 4566454688 3 435945 = -5736.14999999851
1 243193 3 = -246949.54277350754
5 6282839117 3 243193 = 407592.1012205593
5 2612614329 3 243193 = 22371.248282901943
5 4566454688 3 243193 = 20425.922345258296
0 307731 1 = 0.0
2 4 6 6 0 = 0.0
3 4 60085.000000 = -2994035.5500000007
4 4649475944 4 307731 = -5736.14999999851
4 7849426319 4 307731 = -5736.14999999851
4 7100015545 4 307731 = -5736.14999999851
4 4207078906 4 307731 = -5736.14999999851
4 3429217567 4 307731 = -5736.14999999851
4 8550469149 4 307731 = -5736.14999999851
1 133671 4 = -204669.48769398406
5 4649475944 4 133671 = 14506.892332583666
5 7849426319 4 133671 = 15232.23694921285
5 7100015545 4 133671 = 14506.892332583666
5 4207078906 4 133671 = 17408.2707991004
5 3429217567 4 133671 = 15957.581565842032
5 8550469149 4 133671 = 15957.581565842032
0 937546 1 = 0.0
2 5 4 4 0 = 0.0
3 5 92060.000000 = -5984820.6000000015
4 1809595194 5 937546 = -5736.14999999851
4 9441948110 5 937546 = -5736.14999999851
4 8983951075 5 937546 = -5736.14999999851
4 3153280043 5 937546 = -5736.14999999851
1 575942 5 = -219539.87072905526
5 1809595194 5 575942 = 19748.3866199553
5 9441948110 5 575942 = 19748.386619951576
5 8983951075 5 575942 = 17953.078745409846
5 3153280043 5 575942 = 19748.386619951576
0 736221 1 = 0.0
2 6 6 5 0 = 0.0
3 6 63068.000000 = -3336927.879999999
4 2830966476 6 736221 = -5736.14999999851
4 9158768298 6 736221 = -5736.14999999851
4 9582816957 6 736221 = -5736.14999999851
4 3917757494 6 736221 = -5736.14999999851
4 8116119067 6 736221 = -5736.14999999851
1 736880 6 = -245558.48559863865
5 2830966476 6 736880 = 16668.250160958618
5 9158768298 6 736880 = 16668.250160954893
5 9582816957 6 736880 = 15152.954691778868
5 3917757494 6 736880 = 17425.897895544767
5 8116119067 6 736880 = 17425.897895544767
0 680058 1 = 0.0
2 7 5 4 0 = 0.0
3 7 124818.000000 = -8155608.119999994
4 8763854579 7 680058 = -5736.14999999851
4 5689415125 7 680058 = -5736.14999999851
4 7992981669 7 680058 = -5736.14999999851
4 2922484999 7 680058 = -5736.14999999851
1 896476 7 = -228486.8915250227
5 8763854579 7 896476 = 20318.697795271873
5 5689415125 7 896476 = 21286.25483313948
5 7992981669 7 896476 = 26124.04002249986
5 2922484999 7 896476 = 20318.697795271873
0 906668 1 = 0.0
2 8 6 2 1 = 0.0
3 8 74988.000000 = -2705567.039999999
4 5036033998 8 906668 = -9560.25
4 8776982891 8 906668 = -5736.14999999851
4 3676577363 8 906668 = -5736.14999999851
1 186828 8 = -232663.806209445
5 5036033998 8 186828 = 350293.8817558959
5 8776982891 8 186828 = 18390.42879217863
5 3676577363 8 186828 = 17554.50021072477
0 133671 1 = 0.0
2 9 2 3 0 = 0.0
3 9 99982.000000 = -4575176.32
4 3643477298 9 133671 = -5736.14999999851
4 3851388715 9 133671 = -5736.14999999851
4 9205678360 9 133671 = -5736.14999999851
1 762014 9 = -346911.0217429772
5 3643477298 9 762014 = 19287.634618915617
5 3851388715 9 762014 = 23879.92857580632
5 9205678360 9 762014 = 26635.3049499318
0 214850 1 = 0.0
2 10 3 3 0 = 0.0
3 10 125792.000000 = -6766351.68
4 6362756004 10 214850 = -5736.14999999851
4 4329341228 10 214850 = -5736.14999999851
4 7306056757 10 214850 = -5736.14999999851
1 794296 10 = -265929.5180516243
5 6362756004 10 794296 = 21322.941683083773
5 4329341228 10 794296 = 19384.49243916571
5 7306056757 10 794296 = 23261.390927001834
0 435945 1 = 0.0
2 11 2 3 0 = 0.0
3 11 73158.000000 = -3460373.3999999985
4 8303797626 11 435945 = -5736.14999999851
4 3567970111 11 435945 = -5736.14999999851
4 8888450656 11 435945 = -5736.14999999851
1 632579 11 = -253658.28326191008
5 8303797626 11 632579 = 16538.955026194453
5 3567970111 11 632579 = 17365.90277750045
5 8888450656 11 632579 = 17365.90277750045
0 307731 1 = 0.0
2 12 4 1 1 = 0.0
3 12 69652.000000 = -3470759.1599999964
4 5346180399 12 307731 = -9560.25
4 5641411218 12 307731 = -5736.14999999851
1 762014 12 = -311607.0025976971
5 5346180399 12 762014 = 307649.24702423066
5 5641411218 12 762014 = 16959.164742209017
0 499985 1 = 0.0
2 13 3 3 0 = 0.0
3 13 101214.000000 = -5544502.920000002
4 6098204023 13 499985 = -5736.1500000059605
4 6309705283 13 499985 = -5736.1500000059605
4 5599875084 13 499985 = -5736.1500000059605
1 906668 13 = -253994.72530822456
5 6098204023 13 906668 = 20269.22198881209
5 6309705283 13 906668 = 20269.22198880464
5 5599875084 13 906668 = 19347.893716596067
0 636742 1 = 0.0
2 14 2 3 0 = 0.0
3 14 66275.000000 = -2194365.25
4 4151914788 14 636742 = -5736.1500000059605
4 7129938857 14 636742 = -5736.1500000059605
4 3309004366 14 636742 = -5736.1500000059605
1 604800 14 = -239560.3963548243
5 4151914788 14 604800 = 16479.13794580102
5 7129938857 14 604800 = 15694.417091220617
5 3309004366 14 604800 = 20402.742218613625
0 591534 1 = 0.0
2 15 5 1 1 = 0.0
3 15 89048.000000 = -3369576.3200000077
4 8436438051 15 591534 = -9560.25
4 8783081965 15 591534 = -5736.1500000059605
1 820537 15 = -226469.87570896745
5 8436438051 15 820537 = 355588.0031365156
5 8783081965 15 820537 = 17779.40015682578
0 820537 1 = 0.0
2 16 6 4 0 = 0.0
3 16 89074.000000 = -4957858.840000004
4 5337735715 16 820537 = -5736.1500000059605
4 2890469060 16 820537 = -5736.1500000059605
4 5197723271 16 820537 = -5736.1500000059605
4 9581493981 16 820537 = -5736.1500000059605
1 591534 16 = -253717.66379250586
5 5337735715 16 591534 = 20446.310180351138
5 2890469060 16 591534 = 20446.310180351138
5 5197723271 16 591534 = 19557.34017249942
5 9581493981 16 591534 = 20446.310180351138
0 865961 1 = 0.0
2 17 3 3 0 = 0.0
3 17 86878.000000 = -3937310.9599999934
4 5905161080 17 865961 = -5736.1500000059605
4 6357592571 17 865961 = -5736.1500000059605
4 3265013026 17 865961 = -5736.1500000059605
1 948916 17 = -318891.03324347734
5 5905161080 17 948916 = 18525.143079712987
5 6357592571 17 948916 = 23818.04110248387
5 3265013026 17 948916 = 18525.143079712987
0 976691 1 = 0.0
2 18 1 2 0 = 0.0
3 18 121500.000000 = -7297290.0
4 7198939593 18 976691 = -5736.1500000059605
4 8491654594 18 976691 = -5736.1500000059605
1 186828 18 = -371392.9684227854
5 7198939593 18 186828 = 23088.711594060063
5 8491654594 18 186828 = 21164.652294561267
0 536140 1 = 0.0
2 19 6 1 1 = 0.0
3 19 112852.000000 = -4245492.239999995
4 8181526123 19 536140 = -9560.25
4 7298656043 19 536140 = -5736.1500000059605
1 591534 19 = -278401.8624766022
5 8181526123 19 591534 = 504627.3588427007
5 7298656043 19 591534 = 20815.878552272916
0 664851 1 = 0.0
2 20 6 4 0 = 0.0
3 20 63858.000000 = -3463019.3400000036
4 1886702135 20 664851 = -5736.1500000059605
4 3015381651 20 664851 = -5736.1500000059605
4 1613886287 20 664851 = -5736.1500000059605
4 6406218359 20 664851 = -5736.1500000059605
1 245677 20 = -294544.12943667173
5 1886702135 20 245677 = 16830.0229241848
5 3015381651 20 245677 = 15300.0208401829
5 1613886287 20 245677 = 16830.0229241997
5 6406218359 20 245677 = 16830.0229241997
0 575942 1 = 0.0
2 21 4 3 0 = 0.0
3 21 96211.000000 = -5990096.859999999
4 5284065833 21 575942 = -5736.1500000059605
4 6282780478 21 575942 = -5736.1500000059605
4 9884987495 21 575942 = -5736.1500000059605
1 214850 21 = -405455.8825917393
5 5284065833 21 214850 = 22725.74016109109
5 6282780478 21 214850 = 19089.621735319495
5 9884987495 21 214850 = 19089.621735319495
0 307731 1 = 0.0
2 22 1 2 0 = 0.0
3 22 84126.000000 = -4191998.579999998
4 9199978203 22 307731 = -5736.1500000059605
4 5112430857 22 307731 = -5736.1500000059605
1 976691 22 = -329038.2431887835
5 9199978203 22 976691 = 18333.89049001038
5 5112430857 22 976691 = 17460.848085716367
0 433414 1 = 0.0
2 23 1 2 0 = 0.0
3 23 74214.000000 = -2873566.079999998
4 1375831180 23 433414 = -5736.1500000059605
4 1826879042 23 433414 = -5736.1500000059605
1 844377 23 = -324328.0468402803
5 1375831180 23 844377 = 18310.603278130293
5 1826879042 23 844377 = 17478.30312912166
0 133671 1 = 0.0
2 24 4 3 0 = 0.0
3 24 74199.000000 = -3395346.2399999946
4 1723039934 24 133671 = -5736.1500000059605
4 7030728006 24 133671 = -5736.1500000059605
4 2113043116 24 133671 = -5736.1500000059605
1 664851 24 = -395924.5189475566
5 1723039934 24 664851 = 17475.86343149841
5 7030728006 24 664851 = 17475.863431483507
5 2113043116 24 664851 = 22468.967269062996
0 906668 1 = 0.0
2 25 8 4 0 = 0.0
3 25 130859.000000 = -4721392.719999999
4 9336799469 25 906668 = -5736.1500000059605
4 9812651119 25 906668 = -5736.1500000059605
4 4725340294 25 906668 = -5736.1500000059605
4 3452163160 25 906668 = -5736.1500000059605
1 976691 25 = -545923.8107722998
5 9336799469 25 976691 = 25408.489498227835
5 9812651119 25 976691 = 24431.23990213871
5 4725340294 25 976691 = 20522.241517812014
5 3452163160 25 976691 = 23453.990306064487
0 580487 1 = 0.0
2 26 2 2 0 = 0.0
3 26 112131.000000 = -5673828.599999994
4 8017021185 26 580487 = -5736.1500000059605
4 8092564811 26 580487 = -5736.1500000059605
1 499985 26 = -336878.4101114422
5 8017021185 26 499985 = 19840.948824942112
5 8092564811 26 499985 = 19840.948824957013
0 580487 1 = 0.0
2 27 1 2 0 = 0.0
3 27 61782.000000 = -3126169.200000003
4 7075872065 27 580487 = -5736.1500000059605
4 5427024616 27 580487 = -5736.1500000059605
1 683519 27 = -307056.15576447546
5 7075872065 27 683519 = 15657.207736641169
5 5427024616 27 683519 = 14911.626415863633
0 995522 1 = 0.0
2 28 5 3 0 = 0.0
3 28 104095.000000 = -5954234.0
4 5804709168 28 995522 = -5736.1500000059605
4 4639886267 28 995522 = -5736.1500000059605
4 8138439292 28 995522 = -5736.1500000059605
1 433414 28 = -380218.062022686
5 5804709168 28 433414 = 19486.079063892365
5 4639886267 28 433414 = 20413.987590759993
5 8138439292 28 433414 = 20413.987590759993
0 814648 1 = 0.0
2 29 4 3 0 = 0.0
3 29 60627.000000 = -2840981.219999999
4 9426365576 29 814648 = -5736.1500000059605
4 3436036426 29 814648 = -5736.1500000059605
4 4665361380 29 814648 = -5736.1500000059605
1 207018 29 = -310398.18021041155
5 9426365576 29 207018 = 15380.872148096561
5 3436036426 29 207018 = 16113.294631332159
5 4665361380 29 207018 = 16113.294631332159
0 844377 1 = 0.0
2 30 5 3 0 = 0.0
3 30 74243.000000 = -2866522.2299999893
4 3687894478 30 844377 = -5736.1500000059605
4 5580292305 30 844377 = -5736.1500000059605
4 8827281325 30 844377 = -5736.1500000059605
1 433414 30 = -403197.73449492455
5 3687894478 30 433414 = 20807.503725141287
5 5580292305 30 433414 = 16646.00298011303
5 8827281325 30 433414 = 18310.603278130293
0 243193 1 = 0.0
2 31 8 4 0 = 0.0
3 31 63343.000000 = -2389931.3899999857
4 4429651980 31 243193 = -5736.1500000059605
4 2965951568 31 243193 = -5736.1500000059605
4 7863750416 31 243193 = -5736.1500000059605
4 6313315314 31 243193 = -5736.1500000059605
1 632579 31 = -363805.1795068681
5 4429651980 31 632579 = 16732.548944234848
5 2965951568 31 632579 = 16732.54894426465
5 7863750416 31 632579 = 16732.548944234848
5 6313315314 31 632579 = 15211.408131152391
0 580487 1 = 0.0
2 32 6 3 0 = 0.0
3 32 102661.000000 = -5194646.599999994
4 1942313385 32 580487 = -5736.1500000059605
4 9784711614 32 580487 = -5736.1500000059605
4 8705105702 32 580487 = -5736.1500000059605
1 672290 32 = -371783.1762035191
5 1942313385 32 672290 = 23117.392495810986
5 9784711614 32 672290 = 18493.913996636868
5 8705105702 32 672290 = 23117.392495810986
0 680058 1 = 0.0
2 33 6 3 0 = 0.0
3 33 81576.000000 = -5330175.840000004
4 9103009335 33 680058 = -5736.1500000059605
4 1229624386 33 680058 = -5736.1500000059605
4 3393736156 33 680058 = -5736.1500000059605
1 794296 33 = -355151.6541430652
5 9103009335 33 794296 = 17274.246494084597
5 1229624386 33 794296 = 17274.246494084597
5 3393736156 33 794296 = 18137.9588188231
0 499985 1 = 0.0
2 34 5 0 1 = 0.0
3 34 76724.000000 = -4202940.719999999
4 3318249633 34 499985 = -9560.25
1 214850 34 = -399859.714358449
5 3318249633 34 214850 = 466256.48420757055
-160317031.139771 = 0.0
