0 654047 1 = 0.0
2 0 8 7 0 = 0.0
3 0 67461.000000 = -4096231.92
4 2217287965 0 654047 = -6407.100000000093
4 6255991254 0 654047 = -6407.100000000093
4 6389512583 0 654047 = -6407.100000000093
4 6146619372 0 654047 = -6407.100000000093
4 9543372651 0 654047 = -6407.100000000093
4 7493928788 0 654047 = -6407.100000000093
4 9775151453 0 654047 = -6407.100000000093
1 325556 0 = -149802.63381388737
5 2217287965 0 325556 = 17435.556106111035
5 6255991254 0 325556 = 15850.50555101037
5 6389512583 0 325556 = 17435.556106111035
5 6146619372 0 325556 = 20605.657216313295
5 9543372651 0 325556 = 16643.030828560703
5 7493928788 0 325556 = 16643.030828560237
5 9775151453 0 325556 = 17435.556106111035
0 572892 1 = 0.0
2 1 4 5 0 = 0.0
3 1 101655.000000 = -3622984.1999999997
4 5645593623 1 572892 = -6407.0999999996275
4 2409743076 1 572892 = -6407.0999999996275
4 7288918931 1 572892 = -6407.0999999996275
4 2381634084 1 572892 = -6407.0999999996275
4 6602951282 1 572892 = -6407.0999999996275
1 762874 1 = -248485.38214755058
5 5645593623 1 762874 = 19366.473106250167
5 2409743076 1 762874 = 21210.899116368964
5 7288918931 1 762874 = 18444.26010119077
5 2381634084 1 762874 = 18444.260101189837
5 6602951282 1 762874 = 18444.26010119077
0 495015 1 = 0.0
2 2 10 4 1 = 0.0
3 2 94424.000000 = -4622054.799999998
4 9812853165 2 495015 = -10678.5
4 6236316575 2 495015 = -6407.0999999996275
4 9090341121 2 495015 = -6407.0999999996275
4 8412887468 2 495015 = -6407.0999999996275
4 5685972789 2 495015 = -6407.0999999996275
1 802393 2 = -254103.66772000678
5 9812853165 2 802393 = 516645.351125462
5 6236316575 2 802393 = 23507.36347620748
5 9090341121 2 802393 = 18082.587289391086
5 8412887468 2 802393 = 20794.975382801145
5 5685972789 2 802393 = 19890.846018329263
0 869181 1 = 0.0
2 3 0 4 0 = 0.0
3 3 59602.000000 = -2511032.26
4 9568420932 3 869181 = -6407.0999999996275
4 3354622298 3 869181 = -6407.0999999996275
4 6072027825 3 869181 = -6407.0999999996275
4 7019566048 3 869181 = -6407.0999999996275
1 285787 3 = -200636.27840401977
5 9568420932 3 285787 = 15123.364056194201
5 3354622298 3 285787 = 18004.00482880138
5 6072027825 3 285787 = 16563.68444249779
5 7019566048 3 285787 = 15843.524249345064
0 452100 1 = 0.0
2 4 7 6 0 = 0.0
3 4 64759.000000 = -2236775.8599999994
4 7814404059 4 452100 = -6407.10000000149
4 5324427618 4 452100 = -6407.10000000149
4 7204240672 4 452100 = -6407.10000000149
4 8952236189 4 452100 = -6407.10000000149
4 1707605164 4 452100 = -6407.10000000149
4 4485035202 4 452100 = -6407.10000000149
1 931572 4 = -184940.03156493604
5 7814404059 4 931572 = 16993.464777469635
5 5324427618 4 931572 = 20855.61586325988
5 7204240672 4 931572 = 17765.894994627684
5 8952236189 4 931572 = 16993.46477747336
5 1707605164 4 931572 = 16993.464777469635
5 4485035202 4 931572 = 17765.894994627684
0 672224 1 = 0.0
2 5 6 5 0 = 0.0
3 5 105295.000000 = -5188937.6000000015
4 8687740857 5 672224 = -6407.10000000149
4 5778373824 5 672224 = -6407.10000000149
4 9996245280 5 672224 = -6407.10000000149
4 4056030283 5 672224 = -6407.10000000149
4 2650973666 5 672224 = -6407.10000000149
1 723581 5 = -227701.24993515387
5 8687740857 5 723581 = 20470.078387625515
5 5778373824 5 723581 = 23261.452713210136
5 9996245280 5 723581 = 21400.536496154964
5 4056030283 5 723581 = 19539.620279099792
5 2650973666 5 723581 = 19539.620279096067
0 572892 1 = 0.0
2 6 4 5 0 = 0.0
3 6 61113.000000 = -2178067.3200000003
4 9970560807 6 572892 = -6407.10000000149
4 2116698176 6 572892 = -6407.10000000149
4 7830732892 6 572892 = -6407.10000000149
4 5393888973 6 572892 = -6407.10000000149
4 5714438923 6 572892 = -6407.10000000149
1 723581 6 = -279860.21644389257
5 9970560807 6 723581 = 15488.900289755315
5 2116698176 6 723581 = 16226.466970220208
5 7830732892 6 723581 = 14751.333609290421
5 5393888973 6 723581 = 14751.333609294146
5 5714438923 6 723581 = 19914.300372544676
-25067821.330700 = 0.0
