0 409135 1 = 0.0
2 0 2 5 0 = 0.0
3 0 59477.000000 = -2244067.21
4 8821849409 0 409135 = -6350.399999999907
4 8945477462 0 409135 = -6350.399999999907
4 3823270021 0 409135 = -6350.399999999907
4 1248681605 0 409135 = -6350.399999999907
4 9254362869 0 409135 = -6350.399999999907
1 700519 0 = -135199.4910828066
5 8821849409 0 700519 = 15810.850452028215
5 8945477462 0 700519 = 15092.175431481563
5 3823270021 0 700519 = 16529.525472575333
5 1248681605 0 700519 = 20122.900575308595
5 9254362869 0 700519 = 20841.575595855713
0 695434 1 = 0.0
2 1 1 3 0 = 0.0
3 1 77777.000000 = -3251078.5999999996
4 3860218781 1 695434 = -6350.4000000003725
4 7309493453 1 695434 = -6350.4000000003725
4 7289285893 1 695434 = -6350.4000000003725
1 985828 1 = -173433.7259887671
5 3860218781 1 985828 = 17817.62895646412
5 7309493453 1 985828 = 17817.62895646412
5 7289285893 1 985828 = 25453.755652091466
0 341978 1 = 0.0
2 2 4 1 1 = 0.0
3 2 81061.000000 = -4048186.34
4 9123835849 2 341978 = -10584.0
4 6584541475 2 341978 = -6350.4000000003725
1 621323 2 = -181532.78367056698
5 9123835849 2 621323 = 344734.97575258464
5 6584541475 2 621323 = 18098.586227010936
-9588916.147670 = 0.0
