0 949737 1 = 0.0
2 0 1 5 0 = 0.0
3 0 131807.000000 = -6002490.78
4 5597975488 0 949737 = -6463.799999999814
4 3155325074 0 949737 = -6463.799999999814
4 6728339163 0 949737 = -6463.799999999814
4 1218465629 0 949737 = -6463.799999999814
4 9336607613 0 949737 = -6463.799999999814
1 835632 0 = -202786.5083477795
5 5597975488 0 835632 = 25445.557770110667
5 3155325074 0 835632 = 20552.181275858544
5 6728339163 0 835632 = 29360.258965512738
5 1218465629 0 835632 = 21530.856574708596
5 9336607613 0 835632 = 21530.856574709527
0 388400 1 = 0.0
2 1 4 6 0 = 0.0
3 1 62372.000000 = -2490513.959999999
4 7693853903 1 388400 = -6463.800000000745
4 1085048724 1 388400 = -6463.800000000745
4 9833261908 1 388400 = -6463.800000000745
4 4012430423 1 388400 = -6463.800000000745
4 9694272058 1 388400 = -6463.800000000745
4 8316590152 1 388400 = -6463.800000000745
1 910052 1 = -146568.83465682715
5 7693853903 1 910052 = 15757.580796098337
5 1085048724 1 910052 = 16507.941786387935
5 9833261908 1 910052 = 18759.024757260457
5 4012430423 1 910052 = 15007.219805806875
5 9694272058 1 910052 = 15757.580796098337
5 8316590152 1 910052 = 15757.580796098337
0 555987 1 = 0.0
2 2 2 2 1 = 0.0
3 2 61006.000000 = -2268203.08
4 8066654712 2 555987 = -10773.0
4 2131169906 2 555987 = -6463.800000000745
4 2879132191 2 555987 = -6463.800000000745
1 915284 2 = -176555.82534620538
5 8066654712 2 915284 = 407096.1105155982
5 2131169906 2 915284 = 15476.67109804973
5 2879132191 2 915284 = 16213.65543605201
0 460720 1 = 0.0
2 3 3 4 0 = 0.0
3 3 106617.000000 = -4855338.18
4 7006040974 3 460720 = -6463.800000000745
4 7660304834 3 460720 = -6463.800000000745
4 8453913200 3 460720 = -6463.800000000745
4 5169999802 3 460720 = -6463.800000000745
1 169967 3 = -150992.93520582095
5 7006040974 3 169967 = 18668.070174574852
5 7660304834 3 169967 = 18668.070174574852
5 8453913200 3 169967 = 21468.280700759962
5 5169999802 3 169967 = 24268.491226946935
0 778179 1 = 0.0
2 4 5 5 0 = 0.0
3 4 72331.000000 = -4622674.209999997
4 5474199602 4 778179 = -6463.800000000745
4 9563787513 4 778179 = -6463.800000000745
4 1821208492 4 778179 = -6463.800000000745
4 7767499624 4 778179 = -6463.800000000745
4 5829402754 4 778179 = -6463.800000000745
1 788931 4 = -175780.7490531206
5 5474199602 4 788931 = 17270.965891782194
5 9563787513 4 788931 = 18093.392839010805
5 1821208492 4 788931 = 17270.96589178592
5 7767499624 4 788931 = 16448.538944553584
5 5829402754 4 788931 = 17270.96589178592
0 553236 1 = 0.0
2 5 3 4 0 = 0.0
3 5 91129.000000 = -5142409.469999999
4 1914300950 5 553236 = -6463.800000000745
4 4202117181 5 553236 = -6463.800000000745
4 1245601187 5 553236 = -6463.800000000745
4 9054865420 5 553236 = -6463.800000000745
1 662376 5 = -250961.33165281639
5 1914300950 5 662376 = 18793.245671968907
5 4202117181 5 662376 = 19688.16213253513
5 1245601187 5 662376 = 25057.660895958543
5 9054865420 5 662376 = 22372.911514244974
0 157106 1 = 0.0
2 6 2 4 0 = 0.0
3 6 65571.000000 = -3541489.710000001
4 3123256949 6 157106 = -6463.800000000745
4 6376300793 6 157106 = -6463.800000000745
4 1493128160 6 157106 = -6463.800000000745
4 2929527783 6 157106 = -6463.800000000745
1 949737 6 = -242684.314610824
5 3123256949 6 949737 = 17139.709498912096
5 6376300793 6 949737 = 16360.63179441914
5 1493128160 6 949737 = 16360.63179441914
5 2929527783 6 949737 = 16360.631794415414
0 353183 1 = 0.0
2 7 3 1 1 = 0.0
3 7 119339.000000 = -6445499.389999993
4 5141381071 7 353183 = -10773.0
4 6475398121 7 353183 = -6463.79999999702
1 608467 7 = -285823.0722126737
5 5141381071 7 608467 = 401547.25485512614
5 6475398121 7 608467 = 22997.706414431334
0 973214 1 = 0.0
2 8 4 4 0 = 0.0
3 8 94809.000000 = -5798518.439999998
4 4764962318 8 973214 = -6463.79999999702
4 2317255019 8 973214 = -6463.79999999702
4 9522679827 8 973214 = -6463.79999999702
4 5384038672 8 973214 = -6463.79999999702
1 486440 8 = -230870.6166741848
5 4764962318 8 486440 = 19011.00649691373
5 2317255019 8 486440 = 26253.294686213136
5 9522679827 8 486440 = 19916.292520575225
5 5384038672 8 486440 = 18105.720473244786
0 151995 1 = 0.0
2 9 5 2 1 = 0.0
3 9 59871.000000 = -2416992.2700000033
4 8893646350 9 151995 = -10773.0
4 8529354349 9 151995 = -6463.79999999702
4 6471838862 9 151995 = -6463.79999999702
1 155478 9 = -262305.99861399084
5 8893646350 9 155478 = 303217.74240912497
5 8529354349 9 155478 = 15195.343682095408
5 6471838862 9 155478 = 18089.69485963881
0 553236 1 = 0.0
2 10 3 4 0 = 0.0
3 10 59324.000000 = -3347653.3200000003
4 3811585010 10 553236 = -6463.79999999702
4 2649652453 10 553236 = -6463.79999999702
4 2009524881 10 553236 = -6463.79999999702
4 9978702768 10 553236 = -6463.79999999702
1 865088 10 = -263265.1100972742
5 3811585010 10 865088 = 15767.583708681166
5 2649652453 10 865088 = 14334.167007893324
5 2009524881 10 865088 = 18634.41711025685
5 9978702768 10 865088 = 17201.00040946901
0 169967 1 = 0.0
2 11 5 1 1 = 0.0
3 11 106561.000000 = -6446940.5
4 2341534149 11 169967 = -10773.0
4 5338827567 11 169967 = -6463.79999999702
1 460720 11 = -229391.2080968544
5 2341534149 11 460720 = 391140.5179434642
5 5338827567 11 460720 = 24268.491226948798
0 865088 1 = 0.0
2 12 6 4 0 = 0.0
3 12 71697.000000 = -2618374.4399999976
4 2720602267 12 865088 = -6463.79999999702
4 2318695818 12 865088 = -6463.79999999702
4 9944103286 12 865088 = -6463.79999999702
4 6775668224 12 865088 = -6463.79999999702
1 662376 12 = -348540.0791350603
5 2720602267 12 662376 = 19661.24374205619
5 2318695818 12 662376 = 17203.588274292648
5 9944103286 12 662376 = 16384.369785048068
5 6775668224 12 662376 = 18022.80676355213
0 941101 1 = 0.0
2 13 4 3 0 = 0.0
3 13 115346.000000 = -4555013.539999999
4 9845502667 13 941101 = -6463.79999999702
4 1312298153 13 941101 = -6463.79999999702
4 5853194260 13 941101 = -6463.79999999702
1 799796 13 = -325483.40788944066
5 9845502667 13 799796 = 19969.703763365746
5 1312298153 13 799796 = 19969.703763365746
5 5853194260 13 799796 = 20920.642037816346
0 902369 1 = 0.0
2 14 6 4 0 = 0.0
3 14 65242.000000 = -2655349.3999999985
4 2129067071 14 902369 = -6463.79999999702
4 2597325703 14 902369 = -6463.79999999702
4 1692175743 14 902369 = -6463.79999999702
4 6177822192 14 902369 = -6463.79999999702
1 117440 14 = -284673.8681563288
5 2129067071 14 117440 = 16311.375204451382
5 2597325703 14 117440 = 16311.375204451382
5 1692175743 14 117440 = 17088.1073570475
5 6177822192 14 117440 = 17088.107357040048
0 647217 1 = 0.0
2 15 7 4 0 = 0.0
3 15 93868.000000 = -4605164.079999991
4 9371201779 15 647217 = -6463.79999999702
4 8454814091 15 647217 = -6463.79999999702
4 1929348933 15 647217 = -6463.79999999702
4 7182114256 15 647217 = -6463.79999999702
1 549754 15 = -236773.71843075752
5 9371201779 15 549754 = 18957.87741085887
5 8454814091 15 549754 = 19860.633478060365
5 1929348933 15 549754 = 20763.389545232058
5 7182114256 15 549754 = 18055.121343687177
0 371194 1 = 0.0
2 16 1 2 0 = 0.0
3 16 90329.000000 = -5395351.170000002
4 6817751255 16 371194 = -6463.79999999702
4 8646377521 16 371194 = -6463.79999999702
1 686698 16 = -253432.62577016652
5 6817751255 16 686698 = 21427.472666442394
5 8646377521 16 686698 = 18749.038583129644
0 164920 1 = 0.0
2 17 4 3 0 = 0.0
3 17 70576.000000 = -4052473.920000002
4 8854703503 17 164920 = -6463.79999999702
4 4320145438 17 164920 = -6463.79999999702
4 4620238469 17 164920 = -6463.79999999702
1 734506 17 = -243703.36271452904
5 8854703503 17 734506 = 23572.54634089768
5 4320145438 17 734506 = 16256.928510978818
5 4620238469 17 734506 = 16256.928510963917
0 865088 1 = 0.0
2 18 2 2 0 = 0.0
3 18 136001.000000 = -4966756.519999996
4 7179269816 18 865088 = -6463.79999999702
4 5390186128 18 865088 = -6463.79999999702
1 155478 18 = -425319.7364870906
5 7179269816 18 155478 = 21671.887538731098
5 5390186128 18 155478 = 21671.887538731098
0 799796 1 = 0.0
2 19 5 3 0 = 0.0
3 19 131803.000000 = -4813445.560000002
4 8805942313 19 799796 = -6463.79999999702
4 1990745209 19 799796 = -6463.79999999702
4 4871137574 19 799796 = -6463.79999999702
1 353183 19 = -410530.11084391177
5 8805942313 19 353183 = 20553.962607711554
5 1990745209 19 353183 = 28384.04360112548
5 4871137574 19 353183 = 20553.962607711554
0 778179 1 = 0.0
2 20 4 0 1 = 0.0
3 20 120097.000000 = -7675399.269999996
4 7160251076 20 778179 = -10773.0
1 210772 20 = -249739.42362125218
5 7160251076 20 210772 = 383849.8169565648
0 799796 1 = 0.0
2 21 2 2 0 = 0.0
3 21 115315.000000 = -4211303.799999997
4 6757283480 21 799796 = -6463.79999999702
4 2083368865 21 799796 = -6463.79999999702
1 941101 21 = -390399.2774461657
5 6757283480 21 941101 = 19969.703763365746
5 2083368865 21 941101 = 19969.703763365746
0 915284 1 = 0.0
2 22 5 3 0 = 0.0
3 22 96917.000000 = -3550069.7099999934
4 5215778519 22 915284 = -6463.79999999702
4 7760091964 22 915284 = -6463.79999999702
4 5447733089 22 915284 = -6463.79999999702
1 151995 22 = -341640.69379779696
5 5215778519 22 151995 = 18216.893069908023
5 7760091964 22 151995 = 19127.73772341013
5 5447733089 22 151995 = 20038.582376897335
0 608467 1 = 0.0
2 23 2 2 0 = 0.0
3 23 96707.000000 = -3989163.75
4 3785949356 23 608467 = -6463.79999999702
4 7439002708 23 608467 = -6463.79999999702
1 360648 23 = -315343.79369576275
5 3785949356 23 360648 = 20026.84484295547
5 7439002708 23 360648 = 20026.84484295547
0 549754 1 = 0.0
2 24 2 2 0 = 0.0
3 24 93833.000000 = -4252511.560000002
4 5556434487 24 549754 = -6463.79999999702
4 7498453944 24 549754 = -6463.79999999702
1 647217 24 = -374196.4414306134
5 5556434487 24 647217 = 18957.87741087377
5 7498453944 24 647217 = 26179.92594833672
-114727951.602167 = 0.0
