0 107417 3 = 0.0
2 0 0 2 3 = 0.0
3 0 7742.000000 = -378970.9
4 9670796849 0 107417 = -295650.0
4 5140822189 0 107417 = -295650.0
4 4118877451 0 107417 = -295649.9999999999
4 5460983973 0 107417 = -177390.0
4 2560423959 0 107417 = -177390.0
1 227105 0 = -233909.8541492885
5 9670796849 0 227105 = 4935433.152540918
5 5140822189 0 227105 = 5428976.467795011
5 4118877451 0 227105 = 1052892.405875396
5 5460983973 0 227105 = 66332.22157014906
5 2560423959 0 227105 = 58040.69387388043
0 227105 3 = 0.0
2 1 0 2 3 = 0.0
3 1 6841.000000 = -356689.7400000002
4 7669800450 1 227105 = -295650.0
4 5355283281 1 227105 = -295650.0
4 8028497811 1 227105 = -295650.0
4 3011547276 1 227105 = -177390.0
4 8867380041 1 227105 = -177390.0
1 474237 1 = -262030.67704909295
5 7669800450 1 474237 = 8730035.7809576
5 5355283281 1 474237 = 1777752.7408495452
5 8028497811 1 474237 = 1947062.525692366
5 3011547276 1 474237 = 97776.4007467255
5 8867380041 1 474237 = 97776.4007467255
0 740833 3 = 0.0
2 2 0 2 3 = 0.0
3 2 5946.000000 = -395052.2400000021
4 4934368940 2 740833 = -295650.0
4 6550130760 2 740833 = -295650.0
4 8195575333 2 740833 = -295650.0
4 1324803929 2 740833 = -177390.0
4 4428255708 2 740833 = -177390.0
1 555802 2 = -215906.73510069028
5 4934368940 2 555802 = 1.2016542453800928E7
5 6550130760 2 555802 = 3076234.8681730404
5 8195575333 2 555802 = 2691705.5096514076
5 1324803929 2 555802 = 376838.7713511959
5 4428255708 2 555802 = 134585.27548257262
0 119743 3 = 0.0
2 3 0 2 3 = 0.0
3 3 5809.000000 = -460711.7899999991
4 6438380503 3 119743 = -295650.0
4 1942786540 3 119743 = -295650.0
4 2798054797 3 119743 = -295650.0
4 4900718602 3 119743 = -177390.0
4 2838454529 3 119743 = -177390.0
1 687791 3 = -301133.4968093261
5 6438380503 3 687791 = 3035979.9240007848
5 1942786540 3 687791 = 2782981.597000718
5 2798054797 3 687791 = 2529983.2700006515
5 4900718602 3 687791 = 192594.97642879933
5 2838454529 3 687791 = 132824.12167503685
0 474237 3 = 0.0
2 4 0 2 3 = 0.0
3 4 5681.000000 = -378695.4600000009
4 6938384188 4 474237 = -295650.0
4 1270620138 4 474237 = -295650.0
4 6520480728 4 474237 = -295650.0
4 1198019805 4 474237 = -177390.0
4 1465617036 4 474237 = -177390.0
1 740833 4 = -396603.9627019167
5 6938384188 4 740833 = 2.206911887865033E7
5 1270620138 4 740833 = 4943482.6288176775
5 6520480728 4 740833 = 5178886.563523278
5 1198019805 4 740833 = 725044.1188932657
5 1465617036 4 740833 = 271891.54458497465
0 227105 3 = 0.0
2 5 0 2 3 = 0.0
3 5 5595.000000 = -291723.299999997
4 9391650778 5 227105 = -295650.0
4 6697724467 5 227105 = -295650.0
4 9942754594 5 227105 = -295650.0
4 7713788483 5 227105 = -177390.0
4 8852242837 5 227105 = -177390.0
1 984826 5 = -240526.34379163384
5 9391650778 5 984826 = 815013.9727292955
5 6697724467 5 984826 = 1086685.296972409
5 9942754594 5 984826 = 853824.1619068831
5 7713788483 5 984826 = 124968.80915182829
5 8852242837 5 984826 = 44825.76850010455
0 555802 3 = 0.0
2 6 0 2 3 = 0.0
3 6 5524.000000 = -296528.31999999285
4 1767275352 6 555802 = -295650.0
4 4669700102 6 555802 = -295650.0
4 3631449124 6 555802 = -295650.0
4 8369558717 6 555802 = -177390.0
4 9055651394 6 555802 = -177390.0
1 107417 6 = -255360.46770188212
5 1767275352 6 107417 = 1294653.5392769128
5 4669700102 6 107417 = 1356303.7078139037
5 3631449124 6 107417 = 1233003.370739922
5 8369558717 6 107417 = 181251.49549876153
5 9055651394 6 107417 = 181251.49549876153
0 227105 3 = 0.0
2 7 2 4 2 = 0.0
3 7 7759.000000 = -404554.26000000536
4 1032433577 7 227105 = -295650.0
4 7508044418 7 227105 = -295650.0
4 9425188209 7 227105 = -177390.0
4 4801593569 7 227105 = -177390.0
4 3829708438 7 227105 = -177390.0
4 3002123249 7 227105 = -177390.0
1 107417 7 = -332274.56086945534
5 1032433577 7 107417 = 6333805.879094183
5 7508044418 7 107417 = 1289793.1971973628
5 9425188209 7 107417 = 74163.10883884132
5 4801593569 7 107417 = 67714.14285285771
5 3829708438 7 107417 = 70938.62584584951
5 3002123249 7 107417 = 70938.62584584951
0 687791 3 = 0.0
2 8 1 7 1 = 0.0
3 8 5829.000000 = -291741.450000003
4 4867913113 8 687791 = -295650.0
4 5937297635 8 687791 = -177390.0
4 8554477024 8 687791 = -177390.0
4 4750534333 8 687791 = -177390.0
4 5706433931 8 687791 = -177390.0
4 6659670086 8 687791 = -177390.0
4 3850167235 8 687791 = -177390.0
4 9663439119 8 687791 = -177390.0
1 119743 8 = -316350.89952002466
5 4867913113 8 119743 = 3130854.296625808
5 5937297635 8 119743 = 149427.1368844062
5 8554477024 8 119743 = 164369.85057285428
5 4750534333 8 119743 = 164369.85057285428
5 5706433931 8 119743 = 171841.20741707087
5 6659670086 8 119743 = 156898.4937286377
5 3850167235 8 119743 = 164369.85057285428
5 9663439119 8 119743 = 186783.92110551894
0 976870 3 = 0.0
2 9 0 2 3 = 0.0
3 9 4856.000000 = -513861.9200000018
4 4569696808 9 976870 = -295650.0
4 5427284394 9 976870 = -295650.0
4 2716952093 9 976870 = -295650.0
4 2080956472 9 976870 = -177390.0
4 3624635580 9 976870 = -177390.0
1 119743 9 = -337771.2012875825
5 4569696808 9 119743 = 2.159462879592979E7
5 5427284394 9 119743 = 4606854.143131673
5 2716952093 9 119743 = 4606854.143131703
5 2080956472 9 119743 = 241859.84251442552
5 3624635580 9 119743 = 252853.4717196226
0 740833 3 = 0.0
2 10 2 4 2 = 0.0
3 10 5738.000000 = -381232.7199999988
4 8037238061 10 740833 = -295650.0
4 7184841043 10 740833 = -295650.0
4 1699511119 10 740833 = -177390.0
4 4860024200 10 740833 = -177390.0
4 5717039693 10 740833 = -177390.0
4 7284059854 10 740833 = -177390.0
1 474237 10 = -419225.65551045537
5 8037238061 10 474237 = 5414290.498228878
5 7184841043 10 474237 = 4943482.6288176775
5 1699511119 10 474237 = 321326.3708731532
5 4860024200 10 474237 = 259532.83801293373
5 5717039693 10 474237 = 271891.54458495975
5 7284059854 10 474237 = 284250.25115701556
0 984826 3 = 0.0
2 11 2 4 2 = 0.0
3 11 5555.000000 = -213256.44999998808
4 1598674431 11 984826 = -295650.0
4 6903595087 11 984826 = -295650.0
4 9038537395 11 984826 = -177390.0
4 4647452680 11 984826 = -177390.0
4 8290625343 11 984826 = -177390.0
4 8521697447 11 984826 = -177390.0
1 227105 11 = -289377.38740214705
5 1598674431 11 227105 = 892634.3510844707
5 6903595087 11 227105 = 892634.3510844707
5 9038537395 11 227105 = 61126.04795470834
5 4647452680 11 227105 = 52975.90822741389
5 8290625343 11 227105 = 40750.698636472225
5 8521697447 11 227105 = 42788.233568280935
0 984826 0 = 0.0
2 12 2 6 5 = 0.0
3 12 3827.000000 = -146918.5300000012
4 1077470380 12 984826 = -26892.0
4 6900573163 12 984826 = -26892.0
4 8244813703 12 984826 = -26892.0
4 8303566844 12 984826 = -26892.0
4 3610724006 12 984826 = -26892.0
4 7198824354 12 984826 = -16135.20000000298
4 8400377224 12 984826 = -16135.20000000298
4 2004285992 12 984826 = -16135.199999988079
4 1442668634 12 984826 = -16135.20000000298
4 2687421831 12 984826 = -16135.20000000298
4 7766358366 12 984826 = -16135.20000000298
1 687791 12 = -319061.0777632445
5 1077470380 12 687791 = 429941.63875192404
5 6900573163 12 687791 = 450415.05012106895
5 8244813703 12 687791 = 409468.2273827791
5 8303566844 12 687791 = 429941.63875192404
5 3610724006 12 687791 = 100456.2051179111
5 7198824354 12 687791 = 4586.044146686792
5 8400377224 12 687791 = 6191.159598022699
5 2004285992 12 687791 = 4815.346354007721
5 1442668634 12 687791 = 5961.857390701771
5 2687421831 12 687791 = 4815.346354007721
5 7766358366 12 687791 = 5044.648561358452
0 555802 3 = 0.0
2 13 4 6 1 = 0.0
3 13 5981.000000 = -321060.0800000131
4 9184544217 13 555802 = -295650.0
4 9284804478 13 555802 = -177390.0
4 3640516521 13 555802 = -177390.0
4 8761259075 13 555802 = -177390.0
4 5837268546 13 555802 = -177390.0
4 4496864955 13 555802 = -177390.0
4 9423577718 13 555802 = -177390.0
1 740833 13 = -326976.6267642379
5 9184544217 13 740833 = 3028168.6983578205
5 9284804478 13 740833 = 166549.27840968966
5 3640516521 13 740833 = 204401.38713914156
5 8761259075 13 740833 = 158978.85666379333
5 5837268546 13 740833 = 174119.700155586
5 4496864955 13 740833 = 158978.85666379333
5 9423577718 13 740833 = 158978.85666379333
0 555802 3 = 0.0
2 14 2 4 2 = 0.0
3 14 4633.000000 = -248699.44000001252
4 9267001609 14 555802 = -295650.0
4 1390506355 14 555802 = -295650.0
4 5929965666 14 555802 = -177390.0
4 3644336236 14 555802 = -177390.0
4 3685989615 14 555802 = -177390.0
4 9824772581 14 555802 = -177390.0
1 984826 14 = -286028.50551740825
5 9267001609 14 984826 = 4443529.488568306
5 1390506355 14 984826 = 789960.7979677022
5 5929965666 14 984826 = 41472.941893309355
5 3644336236 14 984826 = 43546.58898797631
5 3685989615 14 984826 = 43546.58898797631
5 9824772581 14 984826 = 43546.58898797631
0 555802 3 = 0.0
2 15 2 4 2 = 0.0
3 15 4485.000000 = -240754.80000001192
4 3042209718 15 555802 = -295650.0
4 9925302353 15 555802 = -295650.0
4 8902747778 15 555802 = -177390.0
4 4941164963 15 555802 = -177390.0
4 3106595606 15 555802 = -177390.0
4 2159957051 15 555802 = -177390.0
1 830684 15 = -287211.1293839365
5 3042209718 15 830684 = 1.0645622891160503E7
5 9925302353 15 830684 = 2384619.527619958
5 8902747778 15 830684 = 131154.07401910424
5 4941164963 15 830684 = 125192.52520003915
5 3106595606 15 830684 = 125192.52520003915
5 2159957051 15 830684 = 119230.97638100386
0 555802 3 = 0.0
2 16 0 2 3 = 0.0
3 16 4003.000000 = -214881.04000002146
4 9292677435 16 555802 = -295650.0
4 1542335684 16 555802 = -295650.0
4 1188199061 16 555802 = -295650.0
4 2030299989 16 555802 = -177390.0
4 1072318305 16 555802 = -177390.0
1 976870 16 = -281720.43525743484
5 9292677435 16 976870 = 1.066808396630174E7
5 1542335684 16 976870 = 2560340.151912421
5 1188199061 16 976870 = 1991375.6737096608
5 2030299989 16 976870 = 331895.9456182718
5 1072318305 16 976870 = 104547.22286975384
0 984826 3 = 0.0
2 17 0 2 3 = 0.0
3 17 4009.000000 = -153905.50999999046
4 2684778740 17 984826 = -295650.0
4 2463958863 17 984826 = -295650.0
4 4986375874 17 984826 = -295650.0
4 9002140522 17 984826 = -177390.0
4 4027161091 17 984826 = -177390.0
1 740833 17 = -403201.46183535457
5 2684778740 17 740833 = 6124727.310256362
5 2463958863 17 740833 = 6614705.495076865
5 4986375874 17 740833 = 5389760.033025593
5 9002140522 17 740833 = 160974.1663196981
5 4027161091 17 740833 = 57621.43453487754
174097867.299352 = 0.0
