0 768071 2 = 0.0
2 0 23 7 4 = 0.0
3 0 50067.000000 = -4912574.04
4 4952502107 0 768071 = -75795.75
4 4583894187 0 768071 = -75795.75
4 2314526455 0 768071 = -75795.75
4 8573852807 0 768071 = -75795.75
4 1445442572 0 768071 = -45477.450000000186
4 4520025399 0 768071 = -45477.450000000186
4 5828791558 0 768071 = -45477.450000000186
4 4791509879 0 768071 = -45477.450000000186
4 2244041412 0 768071 = -45477.450000000186
4 1442147009 0 768071 = -45477.450000000186
4 7419509214 0 768071 = -45477.450000000186
1 621434 0 = -172959.9364003623
5 4952502107 0 621434 = 5914262.753968133
5 4583894187 0 621434 = 8279967.855555388
5 2314526455 0 621434 = 1766393.142518483
5 8573852807 0 621434 = 1324794.8568888605
5 1445442572 0 621434 = 66239.74284444377
5 4520025399 0 621434 = 72863.71712888777
5 5828791558 0 621434 = 69551.72998666391
5 4791509879 0 621434 = 96047.62712444365
5 2244041412 0 621434 = 79487.69141333178
5 1442147009 0 621434 = 69551.72998666391
5 7419509214 0 621434 = 66239.74284444377
0 768071 3 = 0.0
2 1 0 2 3 = 0.0
0 451688 3 = 0.0
2 2 0 2 3 = 0.0
0 602366 3 = 0.0
2 3 0 2 3 = 0.0
3 3 7670.000000 = -318074.90000000224
4 4593686713 3 602366 = -233100.0
4 7419644399 3 602366 = -233100.0
4 9932989430 3 602366 = -233100.0
4 8901064918 3 602366 = -139860.0
4 3278341383 3 602366 = -139860.0
1 451688 3 = -270563.17481950857
5 4593686713 3 451688 = 6036014.057645161
5 7419644399 3 451688 = 6323443.298485408
5 9932989430 3 451688 = 1349001.2370102182
5 8901064918 3 451688 = 80480.18743526936
5 3278341383 3 451688 = 64384.149948209524
0 602366 3 = 0.0
2 4 0 2 3 = 0.0
3 4 7135.000000 = -295888.44999999925
4 8955592190 4 602366 = -233100.0
4 3841334790 4 602366 = -233100.0
4 6432919138 4 602366 = -233100.0
4 9767727046 4 602366 = -139860.0
4 3251534604 4 602366 = -139860.0
1 376964 4 = -241038.39188917354
5 8955592190 4 376964 = 4825829.876819111
5 3841334790 4 376964 = 4222601.142216727
5 6432919138 4 376964 = 4021524.8973492607
5 9767727046 4 376964 = 619314.8341917843
5 3251534604 4 376964 = 126115.02078087628
0 376964 3 = 0.0
2 5 0 2 3 = 0.0
3 5 7187.000000 = -275118.3599999994
4 7791265593 5 376964 = -233100.0
4 6747416478 5 376964 = -233100.0
4 3140799521 5 376964 = -233100.0
4 3845397037 5 376964 = -139860.0
4 8570381046 5 376964 = -139860.0
1 602366 5 = -259707.46379063278
5 7791265593 5 602366 = 6032287.346023895
5 6747416478 5 602366 = 4423677.387084186
5 3140799521 5 602366 = 900821.5770062357
5 3845397037 5 602366 = 168153.3610411659
5 8570381046 5 602366 = 58553.40250540525
0 191771 3 = 0.0
2 6 0 2 3 = 0.0
3 6 6096.000000 = -370149.12000000477
4 8557367749 6 191771 = -233100.0
4 2392609650 6 191771 = -233100.0
4 4667773707 6 191771 = -233100.0
4 6276900713 6 191771 = -139860.0
4 2445857784 6 191771 = -139860.0
1 768071 6 = -241525.12388937175
5 8557367749 6 768071 = 1.5022138662855163E7
5 2392609650 6 768071 = 2.048473454025705E7
5 4667773707 6 768071 = 4370076.701921508
5 6276900713 6 768071 = 448661.2080639452
5 2445857784 6 768071 = 152952.68456725776
0 602366 2 = 0.0
2 7 21 4 4 = 0.0
3 7 48693.000000 = -2019298.7100000083
4 9579117491 7 602366 = -75795.75
4 2427019518 7 602366 = -75795.75
4 3344764435 7 602366 = -75795.75
4 2716194855 7 602366 = -75795.75
4 3923117913 7 602366 = -45477.44999998808
4 5821125203 7 602366 = -45477.45000000298
4 8451799664 7 602366 = -45477.45000000298
4 8391688149 7 602366 = -45477.44999998808
1 621434 7 = -242519.44612278044
5 9579117491 7 621434 = 2791965.652684182
5 2427019518 7 621434 = 541472.1265811771
5 3344764435 7 621434 = 595619.3392392993
5 2716194855 7 621434 = 595619.3392392993
5 3923117913 7 621434 = 29848.650977790356
5 5821125203 7 621434 = 31270.015310063958
5 8451799664 7 621434 = 31270.015310063958
5 8391688149 7 621434 = 31270.015310063958
0 451688 3 = 0.0
2 8 0 2 3 = 0.0
3 8 5313.000000 = -395659.1099999994
4 4486932419 8 451688 = -233100.0
4 9838962104 8 451688 = -233100.0
4 6999639122 8 451688 = -233100.0
4 9078119856 8 451688 = -139860.0
4 1735705705 8 451688 = -139860.0
1 376964 8 = -319444.5774938017
5 4486932419 8 376964 = 4457947.130642086
5 9838962104 8 376964 = 4670230.327339321
5 6999639122 8 376964 = 1086889.9670898765
5 9078119856 8 376964 = 52306.5796661973
5 1735705705 8 376964 = 66572.0104842484
0 376964 3 = 0.0
2 9 0 2 3 = 0.0
3 9 5357.000000 = -205065.96000000834
4 4928917409 9 376964 = -233100.0
4 3695549145 9 376964 = -233100.0
4 8583271643 9 376964 = -233100.0
4 5487496458 9 376964 = -139860.0
4 2403476911 9 376964 = -139860.0
1 451688 9 = -316927.60741120577
5 4928917409 9 451688 = 5200938.319082439
5 3695549145 9 451688 = 5200938.319082439
5 8583271643 9 451688 = 5696265.778042659
5 5487496458 9 451688 = 155334.69112992287
5 2403476911 9 451688 = 207112.9215065688
0 602366 3 = 0.0
2 10 0 2 3 = 0.0
3 10 5210.000000 = -216058.70000000298
4 1478559794 10 602366 = -233100.0
4 2681466749 10 602366 = -233100.0
4 5762287680 10 602366 = -233100.0
4 7425098014 10 602366 = -139860.0
4 1672808871 10 602366 = -139860.0
1 191771 10 = -264869.311791718
5 1478559794 10 191771 = 1243070.4519918263
5 2681466749 10 191771 = 1087686.6454928517
5 5762287680 10 191771 = 1035892.0433265269
5 7425098014 10 191771 = 145024.8860657066
5 1672808871 10 191771 = 59822.76550211012
0 191771 3 = 0.0
2 11 0 2 3 = 0.0
3 11 5200.000000 = -315744.0
4 7490360478 11 191771 = -233100.0
4 3210183090 11 191771 = -233100.0
4 6402070658 11 191771 = -233100.0
4 5964211060 11 191771 = -139860.0
4 3500257462 11 191771 = -139860.0
1 602366 11 = -288179.2667995542
5 7490360478 11 602366 = 4786376.182334632
5 3210183090 11 602366 = 1243070.4519918263
5 6402070658 11 602366 = 1154279.705420971
5 5964211060 11 602366 = 48945.89904716611
5 3500257462 11 602366 = 51276.65614464879
0 621434 3 = 0.0
2 12 0 2 3 = 0.0
3 12 5192.000000 = -379223.68000000715
4 9785954680 12 621434 = -233100.0
4 5314545284 12 621434 = -233100.0
4 1089647563 12 621434 = -233100.0
4 4319615252 12 621434 = -139860.0
4 7956041801 12 621434 = -139860.0
1 376964 12 = -345088.3507013768
5 9785954680 12 376964 = 932196.2409940362
5 5314545284 12 376964 = 976586.5381842256
5 1089647563 12 376964 = 932196.2409940362
5 4319615252 12 376964 = 51270.79325467348
5 7956041801 12 376964 = 53601.28385716677
120196858.515678 = 0.0
