0 481012 3 = 0.0
2 0 0 2 3 = 0.0
3 0 7198.000000 = -328588.7
4 2872798958 0 481012 = -258299.99999999994
4 9614677938 0 481012 = -258300.0
4 5386845132 0 481012 = -258300.0
4 9676446098 0 481012 = -154980.0
4 1396236360 0 481012 = -154980.0
1 905056 0 = -211415.2806634414
5 2872798958 0 905056 = 8466876.204746354
5 9614677938 0 905056 = 1806266.9236792214
5 5386845132 0 905056 = 1892279.6343306135
5 9676446098 0 905056 = 264919.1488062851
5 1396236360 0 905056 = 289002.707788676
0 481012 3 = 0.0
2 1 0 2 3 = 0.0
3 1 6532.000000 = -298185.80000000075
4 8732183657 1 481012 = -258300.0
4 5655641568 1 481012 = -258300.0
4 2776132609 1 481012 = -258300.0
4 8318723548 1 481012 = -154980.0
4 8008750377 1 481012 = -154980.0
1 809398 1 = -253128.48175702803
5 8732183657 1 809398 = 1222570.5085829608
5 5655641568 1 809398 = 1222570.5085829645
5 2776132609 1 809398 = 1280788.151848819
5 8318723548 1 809398 = 67241.37797206268
5 8008750377 1 809398 = 79467.0830578953
0 809398 3 = 0.0
2 2 0 2 3 = 0.0
3 2 6536.000000 = -471637.76000000164
4 1375381439 2 809398 = -258300.0
4 6325574506 2 809398 = -258300.0
4 4669290838 2 809398 = -258300.0
4 3321628292 2 809398 = -154980.0
4 8967344141 2 809398 = -154980.0
1 481012 2 = -401077.5077876672
5 1375381439 2 481012 = 1147719.2529554348
5 6325574506 2 481012 = 998016.7417003773
5 4669290838 2 481012 = 1397223.4383805282
5 3321628292 2 481012 = 146708.46102995425
5 8967344141 2 481012 = 55015.67288623378
0 481012 3 = 0.0
2 3 0 2 3 = 0.0
3 3 5328.000000 = -243223.20000000112
4 2564146808 3 481012 = -258300.0
4 1307540746 3 481012 = -258300.0
4 3504936889 3 481012 = -258300.0
4 4730953726 3 481012 = -154980.0
4 9432781485 3 481012 = -154980.0
1 898202 3 = -325597.63538016006
5 2564146808 3 898202 = 5190851.827693023
5 1307540746 3 898202 = 6179585.509158362
5 3504936889 3 898202 = 1212846.6492641494
5 4730953726 3 898202 = 63674.449086368084
5 9432781485 3 898202 = 60905.994778264314
0 898202 3 = 0.0
2 4 0 2 3 = 0.0
3 4 5312.000000 = -280473.59999999776
4 4834203358 4 898202 = -258300.0
4 6269375005 4 898202 = -258300.0
4 5937065870 4 898202 = -258300.0
4 3460636414 4 898202 = -154980.0
4 6639822724 4 898202 = -154980.0
1 481012 4 = -441491.1060087867
5 4834203358 4 481012 = 6144273.591963172
5 6269375005 4 481012 = 4237430.063422874
5 5937065870 4 481012 = 1039582.8422264159
5 3460636414 4 481012 = 132885.8067889437
5 6639822724 4 481012 = 52205.13838136941
0 809398 3 = 0.0
2 5 0 2 3 = 0.0
3 5 5237.000000 = -377901.9200000018
4 1039705836 5 809398 = -258300.0
4 5590528005 5 809398 = -258300.0
4 4893794277 5 809398 = -258300.0
4 9074996457 5 809398 = -154980.0
4 2927249512 5 809398 = -154980.0
1 549568 5 = -384347.75598727167
5 1039705836 5 549568 = 5855343.525875837
5 5590528005 5 549568 = 6134169.408060387
5 4893794277 5 549568 = 1308622.8070528954
5 9074996457 5 549568 = 65579.84748980403
5 2927249512 5 549568 = 65579.84748981893
0 898202 3 = 0.0
2 6 0 2 3 = 0.0
3 6 5132.000000 = -270969.6000000015
4 6133477241 6 898202 = -258300.0
4 4122667111 6 898202 = -258300.0
4 4079594329 6 898202 = -258300.0
4 6719988162 6 898202 = -154980.0
4 8733046297 6 898202 = -154980.0
1 556326 6 = -403605.6990444511
5 6133477241 6 556326 = 6036981.231098868
5 4122667111 6 556326 = 5762572.993321642
5 4079594329 6 556326 = 1287889.329301089
5 6719988162 6 556326 = 172108.84673386812
5 8733046297 6 556326 = 76834.30657762289
59130925.785484 = 0.0
