0 420537 3 = 0.0
2 0 0 10 0 = 0.0
3 0 5616.000000 = -425636.64
4 8808539919 0 420537 = -756000.0000000001
4 7376839076 0 420537 = -756000.0
4 7515401700 0 420537 = -756000.0
4 5601512906 0 420537 = -756000.0
4 3097833104 0 420537 = -756000.0000000005
4 4022676989 0 420537 = -756000.0
4 2325206187 0 420537 = -756000.0
4 4992856487 0 420537 = -756000.0
4 3838110349 0 420537 = -756000.0
4 4360122292 0 420537 = -756000.0
1 237629 0 = -284867.5435796408
5 8808539919 0 237629 = 128951.26237698551
5 7376839076 0 237629 = 141846.38861468434
5 7515401700 0 237629 = 135398.8254958354
5 5601512906 0 237629 = 174084.20420893095
5 3097833104 0 237629 = 141846.38861468434
5 4022676989 0 237629 = 154741.51485238317
5 2325206187 0 237629 = 141846.38861468434
5 4992856487 0 237629 = 148293.9517335333
5 3838110349 0 237629 = 141846.38861468434
5 4360122292 0 237629 = 135398.8254958354
0 433934 3 = 0.0
2 1 0 2 3 = 0.0
3 1 5459.000000 = -540441.0000000009
4 9878172767 1 433934 = -1260000.0
4 4324448091 1 433934 = -1260000.0
4 8660869827 1 433934 = -1260000.0
4 7811359959 1 433934 = -756000.0
4 8172681881 1 433934 = -756000.0
1 340241 1 = -329220.664347101
5 9878172767 1 340241 = 2570307.777809132
5 4324448091 1 340241 = 2570307.777809132
5 8660869827 1 340241 = 2692703.386276234
5 7811359959 1 340241 = 376978.474078672
5 8172681881 1 340241 = 445520.01482024975
0 159601 3 = 0.0
2 2 0 2 3 = 0.0
3 2 5399.000000 = -481050.9000000004
4 5590096696 2 159601 = -1260000.0
4 3267943130 2 159601 = -1259999.9999999981
4 5771020642 2 159601 = -1260000.0
4 4725581229 2 159601 = -756000.0
4 5093969798 2 159601 = -756000.0
1 155671 2 = -266453.24154131114
5 5590096696 2 155671 = 2557507.7591196615
5 3267943130 2 155671 = 3410010.3454928827
5 5771020642 2 155671 = 2679293.8428872656
5 4725581229 2 155671 = 127875.38795598224
5 5093969798 2 155671 = 134269.15735378116
0 697344 0 = 0.0
2 3 0 12 3 = 0.0
3 3 4927.000000 = -531672.5700000003
4 3389681605 3 697344 = -21708.0
4 6968159342 3 697344 = -21708.0
4 7259485960 3 697344 = -21708.0
4 1459151097 3 697344 = -13024.800000000745
4 5107047527 3 697344 = -13024.800000000745
4 6449934434 3 697344 = -13024.800000000745
4 1959260885 3 697344 = -13024.800000000745
4 2126862554 3 697344 = -13024.800000000745
4 2297829609 3 697344 = -13024.800000000745
4 8320198089 3 697344 = -13024.800000000745
4 3269458171 3 697344 = -13024.800000000745
4 7705389931 3 697344 = -13024.800000000745
4 7987434553 3 697344 = -13024.800000000745
4 7829913227 3 697344 = -13024.800000000745
4 4776085648 3 697344 = -13024.800000000745
1 758221 3 = -316499.2160107456
5 3389681605 3 758221 = 1173415.2327063046
5 6968159342 3 758221 = 250328.58297734335
5 7259485960 3 758221 = 282980.13727873564
5 1459151097 3 758221 = 11999.446205761284
5 5107047527 3 758221 = 13142.250606309623
5 6449934434 3 758221 = 11999.446205761284
5 1959260885 3 758221 = 11999.446205761284
5 2126862554 3 758221 = 12570.848406035453
5 2297829609 3 758221 = 11999.446205761284
5 8320198089 3 758221 = 11999.446205761284
5 3269458171 3 758221 = 14856.45720713213
5 7705389931 3 758221 = 12570.848406035453
5 7987434553 3 758221 = 13713.652806583792
5 7829913227 3 758221 = 11999.446205761284
5 4776085648 3 758221 = 11999.446205761284
0 300288 0 = 0.0
2 4 0 12 3 = 0.0
3 4 4897.000000 = -432013.33999999985
4 4550076257 4 300288 = -21708.0
4 9640902197 4 300288 = -21708.0
4 5361141299 4 300288 = -21708.0
4 2245306324 4 300288 = -13024.800000000745
4 9122922959 4 300288 = -13024.800000000745
4 3400430752 4 300288 = -13024.800000000745
4 9898310636 4 300288 = -13024.800000000745
4 9954812743 4 300288 = -13024.800000000745
4 9141406970 4 300288 = -13024.800000000745
4 8486230009 4 300288 = -13024.800000000745
4 4799034406 4 300288 = -13024.800000000745
4 6586230463 4 300288 = -13024.800000000745
4 2377875860 4 300288 = -13024.800000000745
4 7474475442 4 300288 = -13024.800000000745
4 4329927719 4 300288 = -13024.800000000745
1 271771 4 = -220658.91580279171
5 4550076257 4 271771 = 217162.39476362243
5 9640902197 4 271771 = 217162.39476362243
5 5361141299 4 271771 = 238878.6342399828
5 2245306324 4 271771 = 11971.077011343092
5 9122922959 4 271771 = 17101.53858763352
5 3400430752 4 271771 = 11971.077011343092
5 9898310636 4 271771 = 14251.28215636313
5 9954812743 4 271771 = 11971.077011343092
5 9141406970 4 271771 = 11971.077011343092
5 8486230009 4 271771 = 11971.077011343092
5 4799034406 4 271771 = 12541.128297600895
5 6586230463 4 271771 = 11401.025725089014
5 2377875860 4 271771 = 11401.025725089014
5 7474475442 4 271771 = 11971.077011343092
5 4329927719 4 271771 = 11971.077011343092
0 607696 3 = 0.0
2 5 0 2 3 = 0.0
3 5 5304.000000 = -538515.120000001
4 1388721794 5 607696 = -1260000.0
4 5681680459 5 607696 = -1260000.0
4 3017649715 5 607696 = -1260000.0
4 9814229245 5 607696 = -756000.0
4 4804892788 5 607696 = -756000.0
1 837041 5 = -317343.75291048735
5 1388721794 5 837041 = 1423120.4732469134
5 5681680459 5 837041 = 1355352.8316637278
5 3017649715 5 837041 = 1423120.4732469134
5 9814229245 5 837041 = 78271.62602857873
5 4804892788 5 837041 = 74713.82484546304
0 893290 3 = 0.0
2 6 0 2 3 = 0.0
3 6 5206.000000 = -540018.379999999
4 1328382421 6 893290 = -1260000.0
4 2896849858 6 893290 = -1260000.0
4 1485744286 6 893290 = -1260000.0
4 5107251817 6 893290 = -756000.0
4 1438405561 6 893290 = -756000.0
1 400079 6 = -312669.71652632207
5 1328382421 6 400079 = 6572167.636148747
5 2896849858 6 400079 = 6259207.272522617
5 1485744286 6 400079 = 1468827.3066186383
5 5107251817 6 400079 = 70103.12145224959
5 1438405561 6 400079 = 73608.27752486616
0 682689 0 = 0.0
2 7 1 9 4 = 0.0
3 7 4990.000000 = -491814.3999999985
4 5684938698 7 682689 = -21708.0
4 9078742549 7 682689 = -21708.0
4 5142228414 7 682689 = -21708.0
4 8521211950 7 682689 = -21708.0
4 7584333324 7 682689 = -13024.79999999702
4 2489939051 7 682689 = -13024.79999999702
4 5972502520 7 682689 = -13024.79999999702
4 3321276913 7 682689 = -13024.79999999702
4 3748231035 7 682689 = -13024.79999999702
4 7060887242 7 682689 = -13024.79999999702
4 8338921769 7 682689 = -13024.79999999702
4 4512599771 7 682689 = -13024.79999999702
4 7029873447 7 682689 = -13024.79999999702
1 858814 7 = -319486.9180757031
5 5684938698 7 858814 = 240747.84774205834
5 9078742549 7 858814 = 229804.76375378668
5 5142228414 7 858814 = 229804.76375378668
5 8521211950 7 858814 = 229804.76375378668
5 7584333324 7 858814 = 13788.285825230181
5 2489939051 7 858814 = 11490.238187685609
5 5972502520 7 858814 = 12639.26200646162
5 3321276913 7 858814 = 13788.285825230181
5 3748231035 7 858814 = 12639.26200646162
5 7060887242 7 858814 = 11490.238187685609
5 8338921769 7 858814 = 17235.357281535864
5 4512599771 7 858814 = 12639.26200646162
5 7029873447 7 858814 = 11490.238187685609
0 893235 0 = 0.0
2 8 1 17 1 = 0.0
3 8 5004.000000 = -497047.3200000003
4 2587981394 8 893235 = -21708.0
4 5409999477 8 893235 = -13024.79999999702
4 5067292683 8 893235 = -13024.79999999702
4 5175292017 8 893235 = -13024.79999999702
4 7135687002 8 893235 = -13024.79999999702
4 6843257327 8 893235 = -13024.79999999702
4 8639138019 8 893235 = -13024.79999999702
4 5188389205 8 893235 = -13024.79999999702
4 1940003259 8 893235 = -13024.79999999702
4 5834306021 8 893235 = -13024.79999999702
4 1130562387 8 893235 = -13024.79999999702
4 2155942064 8 893235 = -13024.79999999702
4 8462246946 8 893235 = -13024.79999999702
4 4780214463 8 893235 = -13024.79999999702
4 9275658377 8 893235 = -13024.79999999702
4 4871351311 8 893235 = -13024.79999999702
4 2575187241 8 893235 = -13024.79999999702
4 5442994741 8 893235 = -13024.79999999702
1 999080 8 = -339738.5659153536
5 2587981394 8 999080 = 129042.1985219717
5 5409999477 8 999080 = 6452.109926097095
5 5067292683 8 999080 = 7419.926415011287
5 5175292017 8 999080 = 7419.926415011287
5 7135687002 8 999080 = 6774.715422406793
5 6843257327 8 999080 = 6774.715422406793
5 8639138019 8 999080 = 7419.926415011287
5 5188389205 8 999080 = 9032.953896537423
5 1940003259 8 999080 = 6774.715422406793
5 5834306021 8 999080 = 7097.32091870904
5 1130562387 8 999080 = 7097.32091870904
5 2155942064 8 999080 = 8065.137407623231
5 8462246946 8 999080 = 8387.742903925478
5 4780214463 8 999080 = 6452.109926097095
5 9275658377 8 999080 = 7097.32091870904
5 4871351311 8 999080 = 6774.715422406793
5 2575187241 8 999080 = 7742.531911320984
5 5442994741 8 999080 = 9032.953896537423
0 778402 0 = 0.0
2 9 0 20 0 = 0.0
3 9 4445.000000 = -465969.3500000015
4 8665202303 9 778402 = -13024.79999999702
4 7803036952 9 778402 = -13024.79999999702
4 2100328245 9 778402 = -13024.79999999702
4 3920605095 9 778402 = -13024.79999999702
4 6733494099 9 778402 = -13024.79999999702
4 6442597394 9 778402 = -13024.79999999702
4 6690392789 9 778402 = -13024.79999999702
4 6889116292 9 778402 = -13024.79999999702
4 7629334180 9 778402 = -13024.79999999702
4 8119354348 9 778402 = -13024.79999999702
4 8857692114 9 778402 = -13024.79999999702
4 3529084543 9 778402 = -13024.79999999702
4 1102529438 9 778402 = -13024.79999999702
4 9481962756 9 778402 = -13024.79999999702
4 9022949369 9 778402 = -13024.79999999702
4 2399185204 9 778402 = -13024.79999999702
4 8325747829 9 778402 = -13024.79999999702
4 7656095855 9 778402 = -13024.79999999702
4 7766591699 9 778402 = -13024.79999999702
4 4308061432 9 778402 = -13024.79999999702
1 247610 9 = -482437.61969801784
5 8665202303 9 247610 = 12074.607540138066
5 7803036952 9 247610 = 10976.915945582092
5 2100328245 9 247610 = 12074.607540138066
5 3920605095 9 247610 = 12623.453337416053
5 6733494099 9 247610 = 12623.453337416053
5 6442597394 9 247610 = 11525.761742860079
5 6690392789 9 247610 = 12074.607540138066
5 6889116292 9 247610 = 12623.453337416053
5 7629334180 9 247610 = 11525.761742860079
5 8119354348 9 247610 = 15916.528121091425
5 8857692114 9 247610 = 12623.453337416053
5 3529084543 9 247610 = 12623.453337416053
5 1102529438 9 247610 = 12074.607540138066
5 9481962756 9 247610 = 12074.607540138066
5 9022949369 9 247610 = 12074.607540138066
5 2399185204 9 247610 = 12074.607540138066
5 8325747829 9 247610 = 10976.915945582092
5 7656095855 9 247610 = 15916.528121091425
5 7766591699 9 247610 = 12074.607540138066
5 4308061432 9 247610 = 11525.761742860079
0 652050 3 = 0.0
2 10 0 2 3 = 0.0
3 10 5004.000000 = -370996.5600000024
4 7773619053 10 652050 = -1260000.0
4 8173419349 10 652050 = -1260000.0
4 3087295159 10 652050 = -1260000.0
4 9582901734 10 652050 = -756000.0
4 1881120038 10 652050 = -756000.0
1 986567 10 = -304536.97701862454
5 7773619053 10 986567 = 1288953.0884899125
5 8173419349 10 986567 = 1353400.7429144084
5 3087295159 10 986567 = 1353400.7429144084
5 9582901734 10 986567 = 234589.46210516244
5 1881120038 10 986567 = 198498.77562744915
0 152368 3 = 0.0
2 11 0 2 3 = 0.0
3 11 4988.000000 = -495458.0399999991
4 5286553859 11 152368 = -1260000.0
4 3303262429 11 152368 = -1260000.0
4 7463872621 11 152368 = -1260000.0
4 6446827891 11 152368 = -756000.0
4 2158963056 11 152368 = -756000.0
1 780613 11 = -355962.38895608485
5 5286553859 11 780613 = 6902182.435353331
5 3303262429 11 780613 = 1472465.5862087086
5 7463872621 11 780613 = 1344425.1004514322
5 6446827891 11 780613 = 224070.85007523745
5 2158963056 11 780613 = 197182.34806621075
0 570944 3 = 0.0
2 12 0 2 3 = 0.0
3 12 4907.000000 = -365964.0600000024
4 1922442394 12 570944 = -1260000.0
4 1628028215 12 570944 = -1260000.0
4 2224269700 12 570944 = -1260000.0
4 8386718863 12 570944 = -756000.0
4 7962339088 12 570944 = -756000.0
1 566575 12 = -313937.82665445656
5 1922442394 12 566575 = 3393320.9377357066
5 1628028215 12 566575 = 2375324.656414993
5 2224269700 12 566575 = 2375324.656414993
5 8386718863 12 566575 = 316709.95418866724
5 7962339088 12 566575 = 443393.9358641356
0 775120 3 = 0.0
2 13 0 2 3 = 0.0
3 13 4840.000000 = -395040.799999997
4 9649745280 13 775120 = -1260000.0
4 8868735024 13 775120 = -1260000.0
4 7184797745 13 775120 = -1260000.0
4 9790899127 13 775120 = -756000.0
4 7008284136 13 775120 = -756000.0
1 330444 13 = -401112.95166211575
5 9649745280 13 330444 = 1.1475214943793952E7
5 8868735024 13 330444 = 1.0953614264530584E7
5 7184797745 13 330444 = 2336771.0430998653
5 9790899127 13 330444 = 467354.2086199671
5 7008284136 13 330444 = 342726.4196546525
0 103939 3 = 0.0
2 14 1 7 1 = 0.0
3 14 5270.000000 = -513034.5
4 4653658312 14 103939 = -1260000.0
4 3779260740 14 103939 = -756000.0
4 2989120544 14 103939 = -756000.0
4 6136311756 14 103939 = -756000.0
4 4958437780 14 103939 = -756000.0
4 2225928860 14 103939 = -756000.0
4 4363727393 14 103939 = -756000.0
4 5899625456 14 103939 = -756000.0
1 908546 14 = -300058.0095170289
5 4653658312 14 908546 = 1.224072237755403E7
5 3779260740 14 908546 = 124632.80966237187
5 2989120544 14 908546 = 130864.45014548302
5 6136311756 14 908546 = 137096.09062860906
5 4958437780 14 908546 = 130864.45014548302
5 2225928860 14 908546 = 162022.65256108344
5 4363727393 14 908546 = 124632.80966237187
5 5899625456 14 908546 = 143327.7311117202
0 979062 3 = 0.0
2 15 1 7 1 = 0.0
3 15 5261.000000 = -561927.4099999964
4 6652140773 15 979062 = -1260000.0
4 9735174211 15 979062 = -756000.0
4 2558079612 15 979062 = -756000.0
4 8176613721 15 979062 = -756000.0
4 3374342455 15 979062 = -756000.0
4 9412060442 15 979062 = -756000.0
4 5740784655 15 979062 = -756000.0
4 9271605382 15 979062 = -756000.0
1 751409 15 = -352342.41592395306
5 6652140773 15 751409 = 1400342.8238586038
5 9735174211 15 751409 = 73517.99825257063
5 2558079612 15 751409 = 70017.14119292796
5 8176613721 15 751409 = 73517.99825257063
5 3374342455 15 751409 = 73517.99825257063
5 9412060442 15 751409 = 73517.99825257063
5 5740784655 15 751409 = 73517.99825257063
5 9271605382 15 751409 = 80519.71237187088
0 614017 0 = 0.0
2 16 0 12 3 = 0.0
3 16 3847.000000 = -278869.0300000012
4 3871731782 16 614017 = -21708.0
4 7932990924 16 614017 = -21708.0
4 5058866808 16 614017 = -21708.0
4 9390163894 16 614017 = -13024.79999999702
4 7291643027 16 614017 = -13024.79999999702
4 6372115935 16 614017 = -13024.79999999702
4 2967139018 16 614017 = -13024.79999999702
4 4638354514 16 614017 = -13024.79999999702
4 5855960366 16 614017 = -13024.79999999702
4 8186125786 16 614017 = -13024.79999999702
4 9734450789 16 614017 = -13024.79999999702
4 9964841890 16 614017 = -13024.79999999702
4 5388484475 16 614017 = -13024.79999999702
4 3037678418 16 614017 = -13024.79999999702
4 4904422971 16 614017 = -13024.79999999702
1 507496 16 = -300324.0549919605
5 3871731782 16 507496 = 111502.31749337912
5 7932990924 16 507496 = 117077.43336804211
5 5058866808 16 507496 = 122652.5492427051
5 9390163894 16 507496 = 7317.339585497975
5 7291643027 16 507496 = 6146.56525182724
5 6372115935 16 507496 = 6439.2588352411985
5 2967139018 16 507496 = 6439.2588352411985
5 4638354514 16 507496 = 5853.87166839838
5 5855960366 16 507496 = 6731.952418655157
5 8186125786 16 507496 = 6146.56525182724
5 9734450789 16 507496 = 6439.2588352411985
5 9964841890 16 507496 = 6439.2588352411985
5 5388484475 16 507496 = 6731.952418655157
5 3037678418 16 507496 = 8488.113919183612
5 4904422971 16 507496 = 8780.80750259757
0 527643 3 = 0.0
2 17 0 2 3 = 0.0
3 17 4777.000000 = -461362.6599999964
4 3583528609 17 527643 = -1260000.0
4 3356109123 17 527643 = -1260000.0
4 5132186182 17 527643 = -1260000.0
4 6954993981 17 527643 = -756000.0
4 6855200633 17 527643 = -756000.0
1 336791 17 = -335903.7070505619
5 3583528609 17 336791 = 1298088.7647676468
5 3356109123 17 336791 = 1483530.0168773085
5 5132186182 17 336791 = 1421716.266174093
5 6954993981 17 336791 = 190386.35216592252
5 6855200633 17 336791 = 190386.35216592252
0 147227 0 = 0.0
2 18 0 12 3 = 0.0
3 18 3727.000000 = -392751.26000000536
4 9104367657 18 147227 = -21708.0
4 4713461102 18 147227 = -21708.0
4 5031138364 18 147227 = -21708.0
4 8245776758 18 147227 = -13024.79999999702
4 1368010629 18 147227 = -13024.79999999702
4 3314075032 18 147227 = -13024.79999999702
4 9942254264 18 147227 = -13024.79999999702
4 3579399546 18 147227 = -13024.79999999702
4 5983317131 18 147227 = -13024.79999999702
4 9976957594 18 147227 = -13024.79999999702
4 4145265959 18 147227 = -13024.79999999702
4 8164568732 18 147227 = -13024.79999999702
4 8811808000 18 147227 = -13024.79999999702
4 7618324011 18 147227 = -13024.79999999702
4 7266273060 18 147227 = -13024.79999999702
1 492619 18 = -373087.1140344888
5 9104367657 18 492619 = 110156.19378045201
5 4713461102 18 492619 = 115664.00346948206
5 5031138364 18 492619 = 115664.00346948206
5 8245776758 18 492619 = 6361.520190820098
5 1368010629 18 492619 = 6361.520190820098
5 3314075032 18 492619 = 5783.200173467398
5 9942254264 18 492619 = 6361.520190820098
5 3579399546 18 492619 = 5783.200173467398
5 5983317131 18 492619 = 7229.000216841698
5 9976957594 18 492619 = 6361.520190820098
5 4145265959 18 492619 = 6072.360182151198
5 8164568732 18 492619 = 6072.360182151198
5 8811808000 18 492619 = 5783.200173467398
5 7618324011 18 492619 = 6072.360182151198
5 7266273060 18 492619 = 5783.200173467398
0 236579 3 = 0.0
2 19 0 2 3 = 0.0
3 19 4705.000000 = -316223.049999997
4 8709515103 19 236579 = -1260000.0
4 3293242176 19 236579 = -1260000.0
4 8862395697 19 236579 = -1260000.0
4 8021735970 19 236579 = -756000.0
4 2042108336 19 236579 = -756000.0
1 352856 19 = -326939.04238455
5 8709515103 19 352856 = 2280376.468776658
5 3293242176 19 352856 = 2171787.1131206155
5 8862395697 19 352856 = 3040501.9583688676
5 8021735970 19 352856 = 114018.82343883812
5 2042108336 19 352856 = 142523.52929854393
0 863718 0 = 0.0
2 20 2 14 2 = 0.0
3 20 4277.000000 = -390960.56999999285
4 2527606780 20 863718 = -21708.0
4 3002882667 20 863718 = -21708.0
4 4364184097 20 863718 = -13024.79999999702
4 1197122896 20 863718 = -13024.79999999702
4 8451370928 20 863718 = -13024.79999999702
4 5239787614 20 863718 = -13024.79999999702
4 1595223322 20 863718 = -13024.79999999702
4 9718565727 20 863718 = -13024.79999999702
4 6344370239 20 863718 = -13024.79999999702
4 6823017653 20 863718 = -13024.79999999702
4 7985604060 20 863718 = -13024.79999999702
4 2059010198 20 863718 = -13024.79999999702
4 4864311774 20 863718 = -13024.79999999702
4 2662035611 20 863718 = -13024.79999999702
4 5503581237 20 863718 = -13024.79999999702
4 9816415015 20 863718 = -13024.79999999702
1 598812 20 = -389073.37176159024
5 2527606780 20 598812 = 1070475.8161002696
5 3002882667 20 598812 = 217987.80255132914
5 4364184097 20 598812 = 11444.359633937478
5 1197122896 20 598812 = 11989.32914032042
5 8451370928 20 598812 = 16349.085191354156
5 5239787614 20 598812 = 11444.359633937478
5 1595223322 20 598812 = 14169.207165837288
5 9718565727 20 598812 = 11989.32914032042
5 6344370239 20 598812 = 11444.359633937478
5 6823017653 20 598812 = 10899.390127569437
5 7985604060 20 598812 = 11444.359633937478
5 2059010198 20 598812 = 10899.390127569437
5 4864311774 20 598812 = 12534.298646703362
5 2662035611 20 598812 = 11989.32914032042
5 5503581237 20 598812 = 11989.32914032042
5 9816415015 20 598812 = 11444.359633937478
0 527520 3 = 0.0
2 21 0 2 3 = 0.0
3 21 4701.000000 = -495908.48999999464
4 3298124695 21 527520 = -1260000.0
4 1962458802 21 527520 = -1260000.0
4 8360922855 21 527520 = -1260000.0
4 8806292946 21 527520 = -756000.0
4 1077927482 21 527520 = -756000.0
1 232322 21 = -334984.45429076254
5 3298124695 21 232322 = 5653565.350431532
5 1962458802 21 232322 = 1206093.941425398
5 8360922855 21 232322 = 1507617.4267817438
5 8806292946 21 232322 = 168853.1517995596
5 1077927482 21 232322 = 69651.92511731386
0 969065 0 = 0.0
2 22 1 9 4 = 0.0
3 22 3830.000000 = -355998.5
4 8779563290 22 969065 = -21708.0
4 1577474138 22 969065 = -21708.0
4 4615343555 22 969065 = -21708.0
4 1566479952 22 969065 = -21708.0
4 8226663516 22 969065 = -13024.79999999702
4 4576890059 22 969065 = -13024.79999999702
4 1800685400 22 969065 = -13024.79999999702
4 6632153424 22 969065 = -13024.79999999702
4 8661263459 22 969065 = -13024.79999999702
4 9274750198 22 969065 = -13024.79999999702
4 1565163877 22 969065 = -13024.79999999702
4 7855993454 22 969065 = -13024.79999999702
4 2433219378 22 969065 = -13024.79999999702
1 908407 22 = -347422.2609099299
5 8779563290 22 908407 = 218150.14733880758
5 1577474138 22 908407 = 208234.2315506786
5 4615343555 22 908407 = 247897.8947031796
5 1566479952 22 908407 = 208234.2315506786
5 8226663516 22 908407 = 13014.639471918344
5 4576890059 22 908407 = 13014.639471918344
5 1800685400 22 908407 = 12494.053893044591
5 6632153424 22 908407 = 10932.29715640843
5 8661263459 22 908407 = 10411.711577534676
5 9274750198 22 908407 = 10411.711577534676
5 1565163877 22 908407 = 11452.882735282183
5 7855993454 22 908407 = 11452.882735282183
5 2433219378 22 908407 = 11452.882735282183
0 159032 3 = 0.0
2 23 2 4 2 = 0.0
3 23 5479.000000 = -514094.56999999285
4 5431790036 23 159032 = -1260000.0
4 1545825901 23 159032 = -1260000.0
4 2406529914 23 159032 = -756000.0
4 4881207038 23 159032 = -756000.0
4 3978464048 23 159032 = -756000.0
4 9793652133 23 159032 = -756000.0
1 276599 23 = -365700.8412633836
5 5431790036 23 276599 = 1582818.359806329
5 1545825901 23 276599 = 1582818.359806329
5 2406529914 23 276599 = 79485.00893810391
5 4881207038 23 276599 = 79485.00893810391
5 3978464048 23 276599 = 79485.00893810391
5 9793652133 23 276599 = 75872.05398637056
0 735940 0 = 0.0
2 24 2 14 2 = 0.0
3 24 4089.000000 = -433147.7699999958
4 4581775662 24 735940 = -21708.0
4 4683255463 24 735940 = -21708.0
4 9220148125 24 735940 = -13024.79999999702
4 3856260554 24 735940 = -13024.79999999702
4 9958716800 24 735940 = -13024.79999999702
4 4407738019 24 735940 = -13024.79999999702
4 1955530413 24 735940 = -13024.79999999702
4 3045211562 24 735940 = -13024.79999999702
4 9370393263 24 735940 = -13024.79999999702
4 7011058633 24 735940 = -13024.79999999702
4 8325804141 24 735940 = -13024.79999999702
4 5423755637 24 735940 = -13024.79999999702
4 7302882171 24 735940 = -13024.79999999702
4 8295095897 24 735940 = -13024.79999999702
4 9377506977 24 735940 = -13024.79999999702
4 5265487247 24 735940 = -13024.79999999702
1 745184 24 = -381283.1411397457
5 4581775662 24 745184 = 264991.3983178139
5 4683255463 24 745184 = 224223.49088430405
5 9220148125 24 745184 = 14982.205981820822
5 3856260554 24 745184 = 10701.57570129633
5 9958716800 24 745184 = 11236.654486358166
5 4407738019 24 745184 = 10701.57570129633
5 1955530413 24 745184 = 14982.205981820822
5 3045211562 24 745184 = 16052.363551944494
5 9370393263 24 745184 = 10701.57570129633
5 7011058633 24 745184 = 10701.57570129633
5 8325804141 24 745184 = 16052.363551944494
5 5423755637 24 745184 = 11771.733271420002
5 7302882171 24 745184 = 11236.654486358166
5 8295095897 24 745184 = 12841.890841543674
5 9377506977 24 745184 = 12306.812056481838
5 5265487247 24 745184 = 10701.57570129633
0 214829 3 = 0.0
2 25 1 7 1 = 0.0
3 25 4968.000000 = -404395.200000003
4 3314047318 25 214829 = -1260000.0
4 3857584614 25 214829 = -756000.0
4 6664032574 25 214829 = -756000.0
4 8881246037 25 214829 = -756000.0
4 7877683585 25 214829 = -756000.0
4 1294582578 25 214829 = -756000.0
4 9095510042 25 214829 = -756000.0
4 7723617894 25 214829 = -756000.0
1 392190 25 = -327098.9315903336
5 3314047318 25 392190 = 2370369.0257512927
5 3857584614 25 392190 = 130370.29641631246
5 6664032574 25 392190 = 124444.37385195494
5 8881246037 25 392190 = 130370.29641631246
5 7877683585 25 392190 = 136296.21898069978
5 1294582578 25 392190 = 124444.37385195494
5 9095510042 25 392190 = 148148.06410944462
5 7723617894 25 392190 = 171851.7543669641
0 294120 3 = 0.0
2 26 0 2 3 = 0.0
3 26 4595.000000 = -453894.09999999404
4 1810739691 26 294120 = -1260000.0
4 4465973958 26 294120 = -1260000.0
4 7470166127 26 294120 = -1260000.0
4 5764294548 26 294120 = -756000.0
4 6425360120 26 294120 = -756000.0
1 932098 26 = -401186.63555526733
5 1810739691 26 932098 = 1.2813760005593985E7
5 4465973958 26 932098 = 2207909.416348517
5 7470166127 26 932098 = 2418186.50361979
5 5764294548 26 932098 = 121435.01789915562
5 6425360120 26 932098 = 115915.24435830116
0 573862 3 = 0.0
2 27 2 4 2 = 0.0
3 27 5370.000000 = -562346.400000006
4 1455081698 27 573862 = -1260000.0
4 3780701738 27 573862 = -1260000.0
4 8565027978 27 573862 = -756000.0
4 5482008268 27 573862 = -756000.0
4 8266434745 27 573862 = -756000.0
4 9151985556 27 573862 = -756000.0
1 884215 27 = -329486.0914003998
5 1455081698 27 884215 = 2537260.5686015487
5 3780701738 27 884215 = 2658082.5004397333
5 8565027978 27 884215 = 139549.33127307892
5 5482008268 27 884215 = 133206.1798515916
5 8266434745 27 884215 = 126863.02843007445
5 9151985556 27 884215 = 139549.33127307892
0 167798 0 = 0.0
2 28 1 1 7 = 0.0
3 28 3588.000000 = -246280.31999999285
4 3390503974 28 167798 = -21708.0
4 4414272033 28 167798 = -21708.0
4 1817696282 28 167798 = -21708.0
4 1473116595 28 167798 = -21708.0
4 4428655727 28 167798 = -21708.0
4 3255624649 28 167798 = -21708.0
4 1134678614 28 167798 = -21708.0
4 8554584547 28 167798 = -13024.79999999702
1 677413 28 = -371990.6889640838
5 3390503974 28 677413 = 590718.3290551603
5 4414272033 28 677413 = 539351.5178329945
5 1817696282 28 677413 = 109582.53060734272
5 1473116595 28 677413 = 115061.65713769197
5 4428655727 28 677413 = 131499.03672879934
5 3255624649 28 677413 = 120540.78366807103
5 1134678614 28 677413 = 158894.66938063502
5 8554584547 28 677413 = 6040.736999720335
0 854492 3 = 0.0
2 29 0 2 3 = 0.0
3 29 4599.000000 = -444677.3100000024
4 4319528257 29 854492 = -1260000.0
4 3616668424 29 854492 = -1260000.0
4 1275763910 29 854492 = -1260000.0
4 3862032224 29 854492 = -756000.0
4 9324450756 29 854492 = -756000.0
1 890152 29 = -362507.0906782001
5 4319528257 29 890152 = 1234787.863784939
5 3616668424 29 890152 = 1411186.1300399303
5 1275763910 29 890152 = 1234787.863784939
5 3862032224 29 890152 = 197566.05820557475
5 9324450756 29 890152 = 89522.12012439966
0 187819 0 = 0.0
2 30 2 14 2 = 0.0
3 30 3686.000000 = -288687.5199999958
4 3855401010 30 187819 = -21708.0
4 2250742588 30 187819 = -21708.0
4 8670548686 30 187819 = -13024.79999999702
4 7303539025 30 187819 = -13024.79999999702
4 9768687174 30 187819 = -13024.79999999702
4 7807850865 30 187819 = -13024.79999999702
4 9198051881 30 187819 = -13024.79999999702
4 8045569940 30 187819 = -13024.79999999702
4 3727635981 30 187819 = -13024.79999999702
4 3861058048 30 187819 = -13024.79999999702
4 7518414342 30 187819 = -13024.79999999702
4 1447639651 30 187819 = -13024.79999999702
4 6823222431 30 187819 = -13024.79999999702
4 3400400000 30 187819 = -13024.79999999702
4 4505104053 30 187819 = -13024.79999999702
4 3322203711 30 187819 = -13024.79999999702
1 845911 30 = -395737.09979839623
5 3855401010 30 845911 = 535695.4014922976
5 2250742588 30 845911 = 119723.67068272829
5 8670548686 30 845911 = 6285.492710828781
5 7303539025 30 845911 = 6856.901139110327
5 9768687174 30 845911 = 6856.901139110327
5 7807850865 30 845911 = 5999.7884967029095
5 9198051881 30 845911 = 6285.492710828781
5 8045569940 30 845911 = 5999.7884967029095
5 3727635981 30 845911 = 5714.084282577038
5 3861058048 30 845911 = 5999.7884967029095
5 7518414342 30 845911 = 6285.492710828781
5 1447639651 30 845911 = 6285.492710828781
5 6823222431 30 845911 = 6571.196924984455
5 3400400000 30 845911 = 8571.126423865557
5 4505104053 30 845911 = 6285.492710828781
5 3322203711 30 845911 = 5999.7884967029095
0 163674 3 = 0.0
2 31 0 2 3 = 0.0
3 31 4459.000000 = -445855.4100000113
4 5815331373 31 163674 = -1260000.0
4 8988957444 31 163674 = -1260000.0
4 7574846375 31 163674 = -1260000.0
4 5760531504 31 163674 = -756000.0
4 3892089394 31 163674 = -756000.0
1 919004 31 = -358171.9471515119
5 5815331373 31 919004 = 2002765.420259893
5 8988957444 31 919004 = 2002765.420259893
5 7574846375 31 919004 = 2102903.6912728846
5 5760531504 31 919004 = 308425.874720037
5 3892089394 31 919004 = 294406.51677820086
0 499738 3 = 0.0
2 32 2 4 2 = 0.0
3 32 4990.000000 = -371605.3000000119
4 4791582857 32 499738 = -1260000.0
4 4041058284 32 499738 = -1260000.0
4 1032471433 32 499738 = -756000.0
4 7415431164 32 499738 = -756000.0
4 9220462481 32 499738 = -756000.0
4 5482632387 32 499738 = -756000.0
1 719681 32 = -412681.555971086
5 4791582857 32 719681 = 2506369.8389163315
5 4041058284 32 719681 = 2962073.4459920228
5 1032471433 32 719681 = 125603.30670022964
5 7415431164 32 719681 = 125603.30670022964
5 9220462481 32 719681 = 167471.07560032606
5 5482632387 32 719681 = 125603.30670022964
0 548240 3 = 0.0
2 33 0 2 3 = 0.0
3 33 4436.000000 = -309366.6399999857
4 3715943089 33 548240 = -1260000.0
4 9900073382 33 548240 = -1260000.0
4 8933688243 33 548240 = -1260000.0
4 4243255019 33 548240 = -756000.0
4 3656456183 33 548240 = -756000.0
1 149842 33 = -436099.265147835
5 3715943089 33 149842 = 1.200474060537085E7
5 9900073382 33 149842 = 2167009.586200267
5 8933688243 33 149842 = 1970008.714727521
5 4243255019 33 149842 = 118939.2761516869
5 3656456183 33 149842 = 103425.45752319694
44651599.540990 = 0.0
