0 894771 0 = 0.0
2 0 0 4 6 = 0.0
3 0 4999.000000 = -541091.76
4 3849747494 0 894771 = -27742.5
4 4827257569 0 894771 = -27742.5
4 6014089998 0 894771 = -27742.5
4 4013560105 0 894771 = -27742.5
4 5825418602 0 894771 = -27742.5
4 9096219087 0 894771 = -27742.5
4 5102795812 0 894771 = -16645.5
4 9996439504 0 894771 = -16645.5
4 6198484345 0 894771 = -16645.5
4 3257360907 0 894771 = -16645.5
1 633068 0 = -268500.4745821953
5 3849747494 0 633068 = 230611.41663040186
5 4827257569 0 633068 = 252574.40869044012
5 6014089998 0 633068 = 219629.92060038273
5 4013560105 0 633068 = 329444.88090057415
5 5825418602 0 633068 = 230611.41663040186
5 9096219087 0 633068 = 241592.9126604211
5 5102795812 0 633068 = 16719.32770570414
5 9996439504 0 633068 = 13260.156456248136
5 6198484345 0 633068 = 16719.32770570414
5 3257360907 0 633068 = 13260.156456248136
0 125590 3 = 0.0
2 1 0 2 3 = 0.0
3 1 5366.000000 = -556615.1799999999
4 7289540191 1 125590 = -1428750.0
4 3811007850 1 125590 = -1428749.9999999995
4 3915255609 1 125590 = -1428750.0
4 8521853945 1 125590 = -857250.0
4 3224964124 1 125590 = -857250.0
1 549149 1 = -192133.24818771612
5 7289540191 1 549149 = 7688675.321819227
5 3811007850 1 549149 = 2050313.4191517942
5 3915255609 1 549149 = 1435219.3934062552
5 8521853945 1 549149 = 71760.96967031248
5 3224964124 1 549149 = 75349.01815382764
0 145263 3 = 0.0
2 2 0 2 3 = 0.0
3 2 5371.000000 = -551225.7299999995
4 4281278307 2 145263 = -1428750.0
4 8306359168 2 145263 = -1428750.0
4 1009742133 2 145263 = -1428750.0
4 8028764286 2 145263 = -857250.0
4 2090329907 2 145263 = -857250.0
1 816111 2 = -219618.26676032133
5 4281278307 2 816111 = 1500065.9347202405
5 8306359168 2 816111 = 1431881.1195056848
5 1009742133 2 816111 = 1363696.3042911272
5 8028764286 2 816111 = 200463.3567307964
5 2090329907 2 816111 = 267284.4756410606
0 483210 3 = 0.0
2 3 0 2 3 = 0.0
3 3 5315.000000 = -477659.05000000075
4 1227122163 3 483210 = -1428750.0
4 1177513856 3 483210 = -1428750.0000000019
4 7774952125 3 483210 = -1428750.0
4 4115632861 3 483210 = -857250.0
4 9210606844 3 483210 = -857250.0
1 267273 3 = -264269.07641964406
5 1227122163 3 267273 = 1424857.919906538
5 1177513856 3 267273 = 1831960.182736978
5 7774952125 3 267273 = 1424857.919906538
5 4115632861 3 267273 = 208979.1615862921
5 9210606844 3 267273 = 81929.33039462566
0 983537 3 = 0.0
2 4 0 2 3 = 0.0
3 4 5285.000000 = -503449.1000000015
4 5763238833 4 983537 = -1428750.0
4 8774843124 4 983537 = -1428750.0
4 2536768909 4 983537 = -1428750.0
4 2953680899 4 983537 = -857250.0
4 5184233748 4 983537 = -857250.0
1 507952 4 = -347970.50869432837
5 5763238833 4 507952 = 1548421.3944072016
5 8774843124 4 507952 = 1413776.0557630993
5 2536768909 4 507952 = 1548421.3944072016
5 2953680899 4 507952 = 77757.6830669716
5 5184233748 4 507952 = 74223.24292756245
0 303481 3 = 0.0
2 5 0 2 3 = 0.0
3 5 5269.000000 = -559304.3500000015
4 1229408966 5 303481 = -1428750.0
4 7886793219 5 303481 = -1428750.0
4 8999196837 5 303481 = -1428750.0
4 2811406532 5 303481 = -857250.0
4 2699946220 5 303481 = -857250.0
1 532049 5 = -425981.33872690797
5 1229408966 5 532049 = 1.1754655588798169E7
5 7886793219 5 532049 = 3462958.8528268933
5 8999196837 5 532049 = 2507659.8589436114
5 2811406532 5 532049 = 401225.5774309784
5 2699946220 5 532049 = 131652.14259453863
0 665857 0 = 0.0
2 6 0 20 0 = 0.0
3 6 4794.000000 = -465113.8800000027
4 6699220810 6 665857 = -16645.5
4 8245018490 6 665857 = -16645.5
4 5057757565 6 665857 = -16645.5
4 6405869007 6 665857 = -16645.5
4 2783430083 6 665857 = -16645.5
4 2574642515 6 665857 = -16645.5
4 5767360510 6 665857 = -16645.5
4 9556731366 6 665857 = -16645.5
4 7638638345 6 665857 = -16645.5
4 8409041264 6 665857 = -16645.5
4 1575707043 6 665857 = -16645.5
4 5713404096 6 665857 = -16645.5
4 5912235054 6 665857 = -16645.5
4 4851715453 6 665857 = -16645.5
4 3420201858 6 665857 = -16645.5
4 8632640235 6 665857 = -16645.5
4 9587954457 6 665857 = -16645.5
4 7000228176 6 665857 = -16645.5
4 4130433606 6 665857 = -16645.5
4 6053284019 6 665857 = -16645.5
1 479708 6 = -285267.9244204536
5 6699220810 6 479708 = 6654.58251285553
5 8245018490 6 479708 = 6337.697631292045
5 5057757565 6 479708 = 6654.58251285553
5 6405869007 6 479708 = 6654.58251285553
5 2783430083 6 479708 = 8239.006920680404
5 2574642515 6 479708 = 6971.467394426465
5 5767360510 6 479708 = 6337.697631292045
5 9556731366 6 479708 = 6971.467394426465
5 7638638345 6 479708 = 6971.467394426465
5 8409041264 6 479708 = 6337.697631292045
5 1575707043 6 479708 = 8239.006920680404
5 5713404096 6 479708 = 6971.467394426465
5 5912235054 6 479708 = 6971.467394426465
5 4851715453 6 479708 = 7288.35227598995
5 3420201858 6 479708 = 6654.58251285553
5 8632640235 6 479708 = 6654.58251285553
5 9587954457 6 479708 = 6654.58251285553
5 7000228176 6 479708 = 6337.697631292045
5 4130433606 6 479708 = 6654.58251285553
5 6053284019 6 479708 = 6654.58251285553
0 652905 0 = 0.0
2 7 1 17 1 = 0.0
3 7 4995.000000 = -531318.1499999985
4 9194217627 7 652905 = -27742.5
4 8481197444 7 652905 = -16645.5
4 7824590439 7 652905 = -16645.5
4 6364854099 7 652905 = -16645.5
4 7322257535 7 652905 = -16645.5
4 2568739074 7 652905 = -16645.5
4 9221084550 7 652905 = -16645.5
4 1538857891 7 652905 = -16645.5
4 9979577079 7 652905 = -16645.5
4 7029634776 7 652905 = -16645.5
4 7299171133 7 652905 = -16645.5
4 6984487038 7 652905 = -16645.5
4 4263058986 7 652905 = -16645.5
4 6717179993 7 652905 = -16645.5
4 6866145659 7 652905 = -16645.5
4 6521563377 7 652905 = -16645.5
4 4061154910 7 652905 = -16645.5
4 7244584852 7 652905 = -16645.5
1 437988 7 = -238838.83211833984
5 9194217627 7 437988 = 128751.84518891573
5 8481197444 7 437988 = 6759.471872419119
5 7824590439 7 437988 = 6759.471872419119
5 6364854099 7 437988 = 7081.351485393941
5 7322257535 7 437988 = 7081.351485393941
5 2568739074 7 437988 = 9656.38838917017
5 9221084550 7 437988 = 6759.471872419119
5 1538857891 7 437988 = 6437.592259444296
5 9979577079 7 437988 = 9334.508776195347
5 7029634776 7 437988 = 8046.990324303508
5 7299171133 7 437988 = 6759.471872419119
5 6984487038 7 437988 = 8690.749550253153
5 4263058986 7 437988 = 7081.351485393941
5 6717179993 7 437988 = 6759.471872419119
5 6866145659 7 437988 = 6759.471872419119
5 6521563377 7 437988 = 6759.471872419119
5 4061154910 7 437988 = 7081.351485393941
5 7244584852 7 437988 = 7081.351485393941
0 344457 3 = 0.0
2 8 1 7 1 = 0.0
3 8 5510.000000 = -424270.0
4 1537313092 8 344457 = -1428750.0
4 9042137847 8 344457 = -857250.0
4 3581038960 8 344457 = -857250.0
4 3030778037 8 344457 = -857250.0
4 7009081831 8 344457 = -857250.0
4 7122681007 8 344457 = -857250.0
4 8390923268 8 344457 = -857250.0
4 4407925405 8 344457 = -857250.0
1 219180 8 = -301543.085543409
5 1537313092 8 219180 = 1439299.7870170847
5 9042137847 8 219180 = 100750.98509119451
5 3581038960 8 219180 = 97152.73562365025
5 3030778037 8 219180 = 79161.48828593642
5 7009081831 8 219180 = 86357.98722102493
5 7122681007 8 219180 = 71964.98935085535
5 8390923268 8 219180 = 75563.23881839961
5 4407925405 8 219180 = 75563.23881839961
0 151239 3 = 0.0
2 9 0 2 3 = 0.0
3 9 4905.000000 = -482897.25
4 4326850150 9 151239 = -1428750.0
4 6734402914 9 151239 = -1428750.0
4 6926549498 9 151239 = -1428750.0
4 1120129354 9 151239 = -857250.0
4 8505343732 9 151239 = -857250.0
1 701474 9 = -242133.01219634712
5 4326850150 9 701474 = 5940450.5392773
5 6734402914 9 701474 = 1330660.9207981154
5 6926549498 9 701474 = 1330660.9207981154
5 1120129354 9 701474 = 204034.67452237755
5 8505343732 9 701474 = 66533.04603990912
0 163680 0 = 0.0
2 10 2 6 5 = 0.0
3 10 4726.000000 = -359223.2599999979
4 9977094923 10 163680 = -27742.5
4 5279859523 10 163680 = -27742.5
4 6643909137 10 163680 = -27742.5
4 8631975411 10 163680 = -27742.5
4 8966711718 10 163680 = -27742.5
4 1619358861 10 163680 = -16645.5
4 7434944288 10 163680 = -16645.5
4 3960202256 10 163680 = -16645.5
4 1350695070 10 163680 = -16645.5
4 5475296885 10 163680 = -16645.5
4 4568845437 10 163680 = -16645.5
1 851096 10 = -400015.26328799874
5 9977094923 10 851096 = 127166.47036550939
5 5279859523 10 851096 = 133222.01657339185
5 6643909137 10 851096 = 127166.47036550939
5 8631975411 10 851096 = 127166.47036550939
5 8966711718 10 851096 = 121110.92415763438
5 1619358861 10 851096 = 6994.155870102346
5 7434944288 10 851096 = 6358.323518276215
5 3960202256 10 851096 = 6994.155870102346
5 1350695070 10 851096 = 6676.239694193006
5 5475296885 10 851096 = 6994.155870102346
5 4568845437 10 851096 = 6994.155870102346
0 183789 3 = 0.0
2 11 0 2 3 = 0.0
3 11 4805.000000 = -436053.75
4 5014996640 11 183789 = -1428750.0
4 2423947544 11 183789 = -1428750.0
4 9656771085 11 183789 = -1428750.0
4 8988943301 11 183789 = -857250.0
4 8881823088 11 183789 = -857250.0
1 427212 11 = -410443.5507526621
5 5014996640 11 427212 = 3311257.4998531044
5 2423947544 11 427212 = 2428255.4998922795
5 9656771085 11 427212 = 2428255.4998922795
5 8988943301 11 427212 = 121688.7131196037
5 8881823088 11 427212 = 173841.01874228567
0 653656 3 = 0.0
2 12 0 2 3 = 0.0
3 12 4793.000000 = -368533.7700000033
4 3177924122 12 653656 = -1428750.0
4 9349001587 12 653656 = -1428750.0
4 2125900929 12 653656 = -1428750.0
4 2693780467 12 653656 = -857250.0
4 7340901772 12 653656 = -857250.0
1 863118 12 = -291487.90903262794
5 3177924122 12 863118 = 7515996.5295800865
5 9349001587 12 863118 = 1726752.0232060999
5 2125900929 12 863118 = 1356733.7325190753
5 2693780467 12 863118 = 189942.72255267203
5 7340901772 12 863118 = 67990.86091373861
0 117160 3 = 0.0
2 13 0 2 3 = 0.0
3 13 4791.000000 = -316206.0
4 4311420959 13 117160 = -1428750.0
4 5968563887 13 117160 = -1428750.0
4 3443439558 13 117160 = -1428750.0
4 6216914399 13 117160 = -857250.0
4 1742598154 13 117160 = -857250.0
1 868919 13 = -415013.6122325659
5 4311420959 13 868919 = 1294836.4379398376
5 5968563887 13 868919 = 1541471.949928373
5 3443439558 13 868919 = 1541471.949928373
5 6216914399 13 868919 = 181277.10131157935
5 1742598154 13 868919 = 181277.10131157935
0 734025 3 = 0.0
2 14 0 2 3 = 0.0
3 14 4758.000000 = -397245.4200000018
4 7517078528 14 734025 = -1428750.0
4 7797060629 14 734025 = -1428750.0
4 5230468250 14 734025 = -1428750.0
4 2495855824 14 734025 = -857250.0
4 4250193230 14 734025 = -857250.0
1 884584 14 = -295321.70780801773
5 7517078528 14 884584 = 2407669.9216631204
5 7797060629 14 884584 = 2407669.9216631204
5 5230468250 14 884584 = 2517109.4635569006
5 2495855824 14 884584 = 155130.55063442886
5 4250193230 14 884584 = 137893.82278616726
0 197385 3 = 0.0
2 15 0 2 3 = 0.0
3 15 4773.000000 = -467801.7300000042
4 7773453168 15 197385 = -1428750.0
4 2362859674 15 197385 = -1428750.0
4 9552811593 15 197385 = -1428750.0
4 4325644754 15 197385 = -857250.0
4 3883104124 15 197385 = -857250.0
1 919178 15 = -480303.98477093875
5 7773453168 15 919178 = 2402355.2036445886
5 2362859674 15 919178 = 2402355.2036445886
5 9552811593 15 919178 = 2620751.131248653
5 4325644754 15 919178 = 120390.75509174168
5 3883104124 15 919178 = 120390.75509174168
0 854360 3 = 0.0
2 16 0 2 3 = 0.0
3 16 4762.000000 = -424818.0199999958
4 4712473713 16 854360 = -1428750.0
4 1791827461 16 854360 = -1428750.0
4 4664649558 16 854360 = -1428750.0
4 4954650985 16 854360 = -857250.0
4 5364096087 16 854360 = -857250.0
1 997323 16 = -273297.13823999465
5 4712473713 16 997323 = 1533289.4761681557
5 1791827461 16 997323 = 1287963.1599812508
5 4664649558 16 997323 = 1287963.1599812508
5 4954650985 16 997323 = 188901.2634639144
5 5364096087 16 997323 = 171728.4213308394
0 918612 3 = 0.0
2 17 0 2 3 = 0.0
3 17 4754.000000 = -385929.7199999988
4 2271873997 17 918612 = -1428750.0
4 8823962959 17 918612 = -1428750.0
4 9479136461 17 918612 = -1428750.0
4 9541786362 17 918612 = -857250.0
4 2816889145 17 918612 = -857250.0
1 690643 17 = -321965.8293682188
5 2271873997 17 690643 = 2392930.702909529
5 8823962959 17 690643 = 2284161.1255045533
5 9479136461 17 690643 = 2284161.1255045533
5 9541786362 17 690643 = 350238.03924402595
5 2816889145 17 690643 = 304554.81673394144
8469617.199542 = 0.0
