0 621312 3 = 0.0
2 0 0 2 3 = 0.0
3 0 5470.000000 = -520470.50000000006
4 1652721059 0 621312 = -1136250.0
4 1999832682 0 621312 = -1136250.0
4 3931167690 0 621312 = -1136250.0
4 7038326149 0 621312 = -681750.0
4 1895677173 0 621312 = -681750.0
1 251454 0 = -290179.87870807946
5 1652721059 0 251454 = 1375503.3695623726
5 1999832682 0 251454 = 1719379.2119529657
5 3931167690 0 251454 = 1375503.3695623726
5 7038326149 0 251454 = 86656.71228242945
5 1895677173 0 251454 = 93878.10497263167
0 554925 3 = 0.0
2 1 0 2 3 = 0.0
3 1 5387.000000 = -526794.7300000004
4 9847426400 1 554925 = -1136250.0
4 6089846496 1 554925 = -1136250.0
4 8161546475 1 554925 = -1136250.0
4 4925797039 1 554925 = -681750.0
4 6591075034 1 554925 = -681750.0
1 869317 1 = -299817.0798041094
5 9847426400 1 869317 = 1.1965219045552991E7
5 6089846496 1 869317 = 3403440.0840684064
5 8161546475 1 869317 = 2431028.631477434
5 4925797039 1 869317 = 374378.40924752504
5 6591075034 1 869317 = 140391.90346782282
0 525553 3 = 0.0
2 2 0 2 3 = 0.0
3 2 5327.000000 = -421898.4000000004
4 9209100519 2 525553 = -1136250.0
4 7240881375 2 525553 = -1136250.0
4 1228699341 2 525553 = -1136250.0
4 8498977943 2 525553 = -681750.0
4 1897582364 2 525553 = -681750.0
1 839335 2 = -295893.0298544243
5 9209100519 2 839335 = 2652293.847023178
5 7240881375 2 839335 = 2893411.469479829
5 1228699341 2 839335 = 2531735.0357948504
5 8498977943 2 839335 = 132916.08937922865
5 1897582364 2 839335 = 139245.42696871608
0 287617 3 = 0.0
2 3 0 2 3 = 0.0
3 3 5188.000000 = -552988.9200000018
4 5364968107 3 287617 = -1136250.0
4 4242661554 3 287617 = -1136250.0
4 4000569357 3 287617 = -1136250.0
4 2153101585 3 287617 = -681750.0
4 3559482408 3 287617 = -681750.0
1 484494 3 = -258512.86084036902
5 5364968107 3 484494 = 1.2193174775527503E7
5 4242661554 3 484494 = 2482973.7724710554
5 4000569357 3 484494 = 2601210.6187791973
5 2153101585 3 484494 = 331063.16966281086
5 3559482408 3 484494 = 136563.55748590827
0 546400 0 = 0.0
2 4 0 12 3 = 0.0
3 4 4598.000000 = -475433.19999999925
4 8509904777 4 546400 = -27783.0
4 5529313657 4 546400 = -27783.0
4 6386661880 4 546400 = -27783.0
4 2899656916 4 546400 = -16669.800000000745
4 6173261296 4 546400 = -16669.800000000745
4 9229862961 4 546400 = -16669.800000000745
4 8512920438 4 546400 = -16669.800000000745
4 7105012053 4 546400 = -16669.800000000745
4 7393143429 4 546400 = -16669.800000000745
4 6841314815 4 546400 = -16669.800000000745
4 2123601578 4 546400 = -16669.800000000745
4 6142976100 4 546400 = -16669.800000000745
4 6262140683 4 546400 = -16669.800000000745
4 9885822826 4 546400 = -16669.800000000745
4 1595598159 4 546400 = -16669.800000000745
1 377296 4 = -261254.73886509985
5 8509904777 4 377296 = 119678.31397075206
5 5529313657 4 377296 = 119678.31397075206
5 6386661880 4 377296 = 119678.31397075206
5 2899656916 4 377296 = 6911.422631807625
5 6173261296 4 377296 = 6597.26705763489
5 9229862961 4 377296 = 7225.578205987811
5 8512920438 4 377296 = 7539.733780160546
5 7105012053 4 377296 = 7853.8893543332815
5 7393143429 4 377296 = 9424.667225196958
5 6841314815 4 377296 = 6283.111483462155
5 2123601578 4 377296 = 7225.578205987811
5 6142976100 4 377296 = 6597.26705763489
5 6262140683 4 377296 = 6597.26705763489
5 9885822826 4 377296 = 6911.422631807625
5 1595598159 4 377296 = 6597.26705763489
0 619097 3 = 0.0
2 5 0 2 3 = 0.0
3 5 5152.000000 = -561619.5199999996
4 6401543600 5 619097 = -1136250.0
4 2604591873 5 619097 = -1136250.0
4 6456311864 5 619097 = -1136250.0
4 3396651122 5 619097 = -681750.0
4 8174594341 5 619097 = -681750.0
1 742964 5 = -313895.91938402876
5 6401543600 5 742964 = 2358040.0657115206
5 2604591873 5 742964 = 2475942.0689971
5 6456311864 5 742964 = 2475942.0689971
5 3396651122 5 742964 = 148556.52413982898
5 8174594341 5 742964 = 136176.81379484385
0 617229 3 = 0.0
2 6 0 2 3 = 0.0
3 6 5036.000000 = -517952.6000000015
4 7954605762 6 617229 = -1136250.0
4 5378107555 6 617229 = -1136250.0
4 8341104823 6 617229 = -1136250.0
4 6842055288 6 617229 = -681750.0
4 7637624127 6 617229 = -681750.0
1 907428 6 = -405651.2035419643
5 7954605762 6 907428 = 8240302.860690564
5 5378107555 6 907428 = 1823039.8427601904
5 8341104823 6 907428 = 1757931.2769473195
5 6842055288 6 907428 = 191419.1834898144
5 7637624127 6 907428 = 95709.59174491465
0 546514 3 = 0.0
2 7 0 10 0 = 0.0
3 7 5151.000000 = -436856.3100000024
4 5350168288 7 546514 = -681750.0
4 6050403509 7 546514 = -681750.0
4 3131812528 7 546514 = -681750.0
4 3881140555 7 546514 = -681750.0
4 7969477914 7 546514 = -681750.0
4 1136184732 7 546514 = -681750.0
4 4844236423 7 546514 = -681750.0
4 3959227842 7 546514 = -681750.0
4 5854340785 7 546514 = -681750.0
4 9361878601 7 546514 = -681750.0
1 427203 7 = -321238.28833185136
5 5350168288 7 427203 = 82023.90571530163
5 6050403509 7 427203 = 82023.90571530163
5 3131812528 7 427203 = 75188.58023902774
5 3881140555 7 427203 = 102529.88214412332
5 7969477914 7 427203 = 68353.25476275384
5 1136184732 7 427203 = 75188.58023902774
5 4844236423 7 427203 = 71770.91750088334
5 3959227842 7 427203 = 75188.58023902774
5 5854340785 7 427203 = 78606.24297717214
5 9361878601 7 427203 = 68353.25476275384
0 132526 0 = 0.0
2 8 1 17 1 = 0.0
3 8 4800.000000 = -355344.0
4 9968200928 8 132526 = -27783.0
4 4654921060 8 132526 = -16669.79999999702
4 8831638655 8 132526 = -16669.79999999702
4 9439023239 8 132526 = -16669.79999999702
4 8679839552 8 132526 = -16669.79999999702
4 3490833981 8 132526 = -16669.79999999702
4 1267737535 8 132526 = -16669.79999999702
4 2615657431 8 132526 = -16669.79999999702
4 6363053328 8 132526 = -16669.79999999702
4 2743112157 8 132526 = -16669.79999999702
4 6165454114 8 132526 = -16669.79999999702
4 8551349714 8 132526 = -16669.79999999702
4 8891733399 8 132526 = -16669.79999999702
4 9307057360 8 132526 = -16669.79999999702
4 5994569675 8 132526 = -16669.79999999702
4 6663820222 8 132526 = -16669.79999999702
4 6084696611 8 132526 = -16669.79999999702
4 9764062055 8 132526 = -16669.79999999702
1 809804 8 = -453089.42846930027
5 9968200928 8 809804 = 121113.24071474373
5 4654921060 8 809804 = 6994.289651274681
5 8831638655 8 809804 = 6676.367394402623
5 9439023239 8 809804 = 7312.211908146739
5 8679839552 8 809804 = 6676.367394402623
5 3490833981 8 809804 = 6676.367394402623
5 1267737535 8 809804 = 7312.211908146739
5 2615657431 8 809804 = 7312.211908146739
5 6363053328 8 809804 = 7630.134165033698
5 2743112157 8 809804 = 6676.367394402623
5 6165454114 8 809804 = 6358.445137530565
5 8551349714 8 809804 = 6358.445137530565
5 8891733399 8 809804 = 6676.367394402623
5 9307057360 8 809804 = 6994.289651274681
5 5994569675 8 809804 = 6676.367394402623
5 6663820222 8 809804 = 6994.289651274681
5 6084696611 8 809804 = 6994.289651274681
5 9764062055 8 809804 = 6994.289651274681
0 657792 0 = 0.0
2 9 1 9 4 = 0.0
3 9 4707.000000 = -329819.4900000021
4 9708990467 9 657792 = -27783.0
4 6656549790 9 657792 = -27783.0
4 9750745753 9 657792 = -27783.0
4 1950038003 9 657792 = -27783.0
4 9295805971 9 657792 = -16669.79999999702
4 9865963008 9 657792 = -16669.79999999702
4 9002196608 9 657792 = -16669.79999999702
4 9007217867 9 657792 = -16669.79999999702
4 1990948021 9 657792 = -16669.79999999702
4 9022791151 9 657792 = -16669.79999999702
4 7765989074 9 657792 = -16669.79999999702
4 8594724988 9 657792 = -16669.79999999702
4 7929567388 9 657792 = -16669.79999999702
1 674631 9 = -288931.1139569804
5 9708990467 9 674631 = 236365.2763016373
5 6656549790 9 674631 = 214877.52391058207
5 9750745753 9 674631 = 279340.78108374774
5 1950038003 9 674631 = 214877.52391058207
5 9295805971 9 674631 = 12409.177005842328
5 9865963008 9 674631 = 11845.123505577445
5 9002196608 9 674631 = 13537.284006372094
5 9007217867 9 674631 = 11281.070005312562
5 1990948021 9 674631 = 12973.230506107211
5 9022791151 9 674631 = 11281.070005312562
5 7765989074 9 674631 = 11845.123505577445
5 8594724988 9 674631 = 12409.177005842328
5 7929567388 9 674631 = 12409.177005842328
0 449908 0 = 0.0
2 10 1 17 1 = 0.0
3 10 4743.000000 = -393384.4200000018
4 9893998455 10 449908 = -27783.0
4 2506058074 10 449908 = -16669.79999999702
4 2618606644 10 449908 = -16669.79999999702
4 9730971690 10 449908 = -16669.79999999702
4 6929223471 10 449908 = -16669.79999999702
4 2497371383 10 449908 = -16669.79999999702
4 5526922576 10 449908 = -16669.79999999702
4 4901797999 10 449908 = -16669.79999999702
4 5995012883 10 449908 = -16669.79999999702
4 1993460352 10 449908 = -16669.79999999702
4 3282015694 10 449908 = -16669.79999999702
4 4829216644 10 449908 = -16669.79999999702
4 5717344915 10 449908 = -16669.79999999702
4 2350985800 10 449908 = -16669.79999999702
4 2112180116 10 449908 = -16669.79999999702
4 4102920958 10 449908 = -16669.79999999702
4 2059476149 10 449908 = -16669.79999999702
4 2148242557 10 449908 = -16669.79999999702
1 798943 10 = -243658.7858466655
5 9893998455 10 798943 = 126897.71560274065
5 2506058074 10 798943 = 6344.885780140758
5 2618606644 10 798943 = 9517.328670203686
5 9730971690 10 798943 = 6979.374358147383
5 6929223471 10 798943 = 7296.618647158146
5 2497371383 10 798943 = 6979.374358147383
5 5526922576 10 798943 = 6979.374358147383
5 4901797999 10 798943 = 6344.885780140758
5 5995012883 10 798943 = 6662.13006913662
5 1993460352 10 798943 = 6344.885780140758
5 3282015694 10 798943 = 9200.084381192923
5 4829216644 10 798943 = 7613.862936168909
5 5717344915 10 798943 = 8882.84009219706
5 2350985800 10 798943 = 6979.374358147383
5 2112180116 10 798943 = 6662.13006913662
5 4102920958 10 798943 = 6662.13006913662
5 2059476149 10 798943 = 7296.618647158146
5 2148242557 10 798943 = 9517.328670203686
0 792624 3 = 0.0
2 11 0 2 3 = 0.0
3 11 5001.000000 = -344918.9699999988
4 4596214705 11 792624 = -1136250.0
4 8679293749 11 792624 = -1136250.0
4 6966212443 11 792624 = -1136250.0
4 2819268856 11 792624 = -681750.0
4 2994794115 11 792624 = -681750.0
1 849498 11 = -260073.943768695
5 4596214705 11 849498 = 2764715.9488023967
5 8679293749 11 849498 = 2649519.450935632
5 6966212443 11 849498 = 2534322.9530688673
5 2819268856 11 849498 = 354805.2134296447
5 2994794115 11 849498 = 127004.13889810443
0 888336 3 = 0.0
2 12 0 2 3 = 0.0
3 12 4977.000000 = -428669.0099999979
4 9740413590 12 888336 = -1136250.0
4 6390789341 12 888336 = -1136250.0
4 9336361957 12 888336 = -1136250.0
4 1650560620 12 888336 = -681750.0
4 5500131826 12 888336 = -681750.0
1 592679 12 = -394948.938990362
5 9740413590 12 592679 = 1291190.692605853
5 6390789341 12 592679 = 1807666.9696481973
5 9336361957 12 592679 = 1807666.9696481973
5 1650560620 12 592679 = 81345.01363417506
5 5500131826 12 592679 = 71176.88692989945
0 819897 0 = 0.0
2 13 0 4 6 = 0.0
3 13 4020.000000 = -287430.0
4 9952771885 13 819897 = -27783.0
4 2780603391 13 819897 = -27783.0
4 5683422853 13 819897 = -27783.0
4 1884556444 13 819897 = -27783.0
4 3591853943 13 819897 = -27783.0
4 3045990650 13 819897 = -27783.0
4 5182490339 13 819897 = -16669.79999999702
4 5987385065 13 819897 = -16669.79999999702
4 3866974317 13 819897 = -16669.79999999702
4 6618050659 13 819897 = -16669.79999999702
1 784158 13 = -253671.4577378109
5 9952771885 13 784158 = 235287.9172938168
5 2780603391 13 784158 = 214828.09839870036
5 5683422853 13 784158 = 214828.09839870036
5 1884556444 13 784158 = 204598.18895113468
5 3591853943 13 784158 = 265977.645636484
5 3045990650 13 784158 = 214828.09839870036
5 5182490339 13 784158 = 11278.47516593337
5 5987385065 13 784158 = 10741.404919937253
5 3866974317 13 784158 = 13426.756149917841
5 6618050659 13 784158 = 10741.404919937253
0 447779 0 = 0.0
2 14 1 17 1 = 0.0
3 14 4532.000000 = -357438.8400000036
4 4165817291 14 447779 = -27783.0
4 9489996713 14 447779 = -16669.79999999702
4 2064997175 14 447779 = -16669.79999999702
4 2676371363 14 447779 = -16669.79999999702
4 2233153329 14 447779 = -16669.79999999702
4 5341398634 14 447779 = -16669.79999999702
4 8471953613 14 447779 = -16669.79999999702
4 9816835937 14 447779 = -16669.79999999702
4 9534821936 14 447779 = -16669.79999999702
4 7780385750 14 447779 = -16669.79999999702
4 8431596799 14 447779 = -16669.79999999702
4 4966395011 14 447779 = -16669.79999999702
4 6681511094 14 447779 = -16669.79999999702
4 2871178672 14 447779 = -16669.79999999702
4 5034168494 14 447779 = -16669.79999999702
4 4961293586 14 447779 = -16669.79999999702
4 1124945825 14 447779 = -16669.79999999702
4 1075730087 14 447779 = -16669.79999999702
1 602643 14 = -345013.33488336205
5 4165817291 14 602643 = 130455.1776112467
5 9489996713 14 602643 = 7782.837300673127
5 2064997175 14 602643 = 6537.583332568407
5 2676371363 14 602643 = 6848.896824583411
5 2233153329 14 602643 = 6226.269840538502
5 5341398634 14 602643 = 7160.2103166133165
5 8471953613 14 602643 = 6848.896824583411
5 9816835937 14 602643 = 7782.837300673127
5 9534821936 14 602643 = 6848.896824583411
5 7780385750 14 602643 = 7160.2103166133165
5 8431596799 14 602643 = 6848.896824583411
5 4966395011 14 602643 = 6226.269840538502
5 6681511094 14 602643 = 6848.896824583411
5 2871178672 14 602643 = 7160.2103166133165
5 5034168494 14 602643 = 6226.269840538502
5 4961293586 14 602643 = 6848.896824583411
5 1124945825 14 602643 = 7782.837300673127
5 1075730087 14 602643 = 6848.896824583411
0 587668 0 = 0.0
2 15 2 14 2 = 0.0
3 15 4922.000000 = -420683.3400000036
4 7993347691 15 587668 = -27783.0
4 4049046142 15 587668 = -27783.0
4 2811671962 15 587668 = -16669.79999999702
4 2972313407 15 587668 = -16669.79999999702
4 2304603459 15 587668 = -16669.79999999702
4 6913557047 15 587668 = -16669.79999999702
4 3100155630 15 587668 = -16669.79999999702
4 7744993164 15 587668 = -16669.79999999702
4 2511730074 15 587668 = -16669.79999999702
4 7137302879 15 587668 = -16669.79999999702
4 3943014719 15 587668 = -16669.79999999702
4 6311154799 15 587668 = -16669.79999999702
4 8399695083 15 587668 = -16669.79999999702
4 4692828643 15 587668 = -16669.79999999702
4 6070149544 15 587668 = -16669.79999999702
4 8827371074 15 587668 = -16669.79999999702
1 344176 15 = -419547.81644539535
5 7993347691 15 344176 = 134683.40263690054
5 4049046142 15 344176 = 140805.37548403442
5 2811671962 15 344176 = 6428.071489483118
5 2972313407 15 344176 = 6749.4750639647245
5 2304603459 15 344176 = 6428.071489483118
5 6913557047 15 344176 = 6749.4750639647245
5 3100155630 15 344176 = 6749.4750639647245
5 7744993164 15 344176 = 6749.4750639647245
5 2511730074 15 344176 = 6749.4750639647245
5 7137302879 15 344176 = 6428.071489483118
5 3943014719 15 344176 = 8035.089361861348
5 6311154799 15 344176 = 6428.071489483118
5 8399695083 15 344176 = 6749.4750639647245
5 4692828643 15 344176 = 7392.282212913036
5 6070149544 15 344176 = 7070.87863843143
5 8827371074 15 344176 = 6428.071489483118
0 747369 0 = 0.0
2 16 0 12 3 = 0.0
3 16 3987.000000 = -324541.799999997
4 4579100728 16 747369 = -27783.0
4 6543243659 16 747369 = -27783.0
4 9838047741 16 747369 = -27783.0
4 6064160113 16 747369 = -16669.79999999702
4 6981770791 16 747369 = -16669.79999999702
4 5856374038 16 747369 = -16669.79999999702
4 6852477567 16 747369 = -16669.79999999702
4 8381425537 16 747369 = -16669.79999999702
4 7836881675 16 747369 = -16669.79999999702
4 7920195083 16 747369 = -16669.79999999702
4 1620942009 16 747369 = -16669.79999999702
4 5430254979 16 747369 = -16669.79999999702
4 6224624948 16 747369 = -16669.79999999702
4 9993880986 16 747369 = -16669.79999999702
4 7088483517 16 747369 = -16669.79999999702
1 538636 16 = -341038.4437835291
5 4579100728 16 538636 = 201711.622570768
5 6543243659 16 538636 = 211797.20369930565
5 9838047741 16 538636 = 231968.36595638096
5 6064160113 16 538636 = 11648.84620346129
5 6981770791 16 538636 = 11119.353194206953
5 5856374038 16 538636 = 11119.353194206953
5 6852477567 16 538636 = 11648.84620346129
5 8381425537 16 538636 = 11119.353194206953
5 7836881675 16 538636 = 14825.804258957505
5 7920195083 16 538636 = 10589.860184967518
5 1620942009 16 538636 = 11119.353194206953
5 5430254979 16 538636 = 11119.353194206953
5 6224624948 16 538636 = 12707.832221955061
5 9993880986 16 538636 = 11119.353194206953
5 7088483517 16 538636 = 13237.325231209397
0 613086 3 = 0.0
2 17 0 2 3 = 0.0
3 17 4854.000000 = -524329.0799999982
4 4363337278 17 613086 = -1136250.0
4 8728676397 17 613086 = -1136250.0
4 2665349582 17 613086 = -1136250.0
4 2927882696 17 613086 = -681750.0
4 4007732454 17 613086 = -681750.0
1 776905 17 = -276943.68414827436
5 4363337278 17 776905 = 1760205.3981250376
5 8728676397 17 776905 = 1257289.5700893104
5 2665349582 17 776905 = 1383018.5270982385
5 2927882696 17 776905 = 184821.56680312753
5 4007732454 17 776905 = 69308.08755117655
0 417472 3 = 0.0
2 18 0 2 3 = 0.0
3 18 4820.000000 = -466576.0
4 6300811189 18 417472 = -1136250.0000000075
4 7537822524 18 417472 = -1136250.0
4 2409897639 18 417472 = -1136250.0
4 9942843855 18 417472 = -681750.0
4 5463494061 18 417472 = -681750.0
1 236441 18 = -444145.42023453116
5 6300811189 18 236441 = 1374838.7982725352
5 7537822524 18 236441 = 1499824.1435700357
5 2409897639 18 236441 = 1312346.1256237775
5 9942843855 18 236441 = 236222.30261227489
5 5463494061 18 236441 = 72179.03690931201
25737598.291682 = 0.0
