0 936385 3 = 0.0
2 0 0 2 3 = 0.0
3 0 5362.000000 = -479523.66000000003
4 1335703054 0 936385 = -1534500.0
4 3256542516 0 936385 = -1534500.0
4 4972360633 0 936385 = -1534500.0
4 1278168127 0 936385 = -920700.0
4 2585443841 0 936385 = -920700.0
1 912450 0 = -174978.03494604118
5 1335703054 0 912450 = 7036881.313568392
5 3256542516 0 912450 = 1774147.0463299705
5 4972360633 0 912450 = 1364728.4971769005
5 1278168127 0 912450 = 71648.24610178731
5 2585443841 0 912450 = 82395.48301705532
0 654468 3 = 0.0
2 1 0 2 3 = 0.0
3 1 5399.000000 = -510151.5099999998
4 6675610943 1 654468 = -1534500.0
4 1008356673 1 654468 = -1534500.0
4 5241250057 1 654468 = -1534500.0
4 1350076924 1 654468 = -920700.0
4 3980478791 1 654468 = -920700.0
1 391134 1 = -302717.75811544433
5 6675610943 1 391134 = 1499685.7632052451
5 1008356673 1 391134 = 1567853.2978963926
5 5241250057 1 391134 = 1499685.7632052451
5 1350076924 1 391134 = 229042.91656225547
5 3980478791 1 391134 = 103785.07156727277
0 256400 3 = 0.0
2 2 0 2 3 = 0.0
3 2 5303.000000 = -419997.5999999996
4 9587385867 2 256400 = -1534500.0
4 6337030346 2 256400 = -1534499.9999999981
4 5784700248 2 256400 = -1534500.0
4 2047924753 2 256400 = -920700.0
4 7758841460 2 256400 = -920700.0
1 804685 2 = -292783.6434235871
5 9587385867 2 804685 = 1546478.671134431
5 6337030346 2 804685 = 1412002.2649488281
5 5784700248 2 804685 = 1546478.671134431
5 2047924753 2 804685 = 84720.13589692861
5 7758841460 2 804685 = 77660.12457218394
0 337712 0 = 0.0
2 3 0 4 6 = 0.0
3 3 4657.000000 = -334512.30999999866
4 2545130381 3 337712 = -22113.0
4 9362217711 3 337712 = -22113.0
4 2632235436 3 337712 = -22113.0
4 8319322703 3 337712 = -22113.0
4 1565751154 3 337712 = -22113.0
4 8520596827 3 337712 = -22113.0
4 9672562817 3 337712 = -13267.800000000745
4 1241610765 3 337712 = -13267.800000000745
4 4466320955 3 337712 = -13267.800000000745
4 5583310020 3 337712 = -13267.800000000745
1 980538 3 = -244003.5766082704
5 2545130381 3 980538 = 132965.4520077221
5 9362217711 3 980538 = 132965.4520077221
5 2632235436 3 980538 = 120877.68364338577
5 8319322703 3 980538 = 126921.56782555208
5 1565751154 3 980538 = 175272.64128290862
5 8520596827 3 980538 = 132965.4520077221
5 9672562817 3 980538 = 7615.294069532305
5 1241610765 3 980538 = 7932.597989097238
5 4466320955 3 980538 = 7297.990149971098
5 5583310020 3 980538 = 7297.990149971098
0 962688 3 = 0.0
2 4 0 2 3 = 0.0
3 4 5189.000000 = -543392.0799999982
4 1452674502 4 962688 = -1534500.0
4 5815724762 4 962688 = -1534500.0
4 6711853727 4 962688 = -1534500.0
4 4033649775 4 962688 = -920700.0
4 8416156079 4 962688 = -920700.0
1 207634 4 = -315840.7077036798
5 1452674502 4 207634 = 1.2173354837828398E7
5 5815724762 4 207634 = 2478937.712430507
5 6711853727 4 207634 = 2715027.018376276
5 4033649775 4 207634 = 136341.57418368012
5 8416156079 4 207634 = 123946.88562152535
0 562602 3 = 0.0
2 5 0 2 3 = 0.0
3 5 5096.000000 = -401921.51999999955
4 3873320906 5 562602 = -1534500.0
4 5283265093 5 562602 = -1534500.0
4 6820306837 5 562602 = -1534500.0
4 8143815881 5 562602 = -920700.0
4 4271370359 5 562602 = -920700.0
1 186615 5 = -270497.43302663416
5 3873320906 5 186615 = 6180550.532274611
5 5283265093 5 186615 = 1318517.4468852505
5 6820306837 5 186615 = 1384443.3192295134
5 8143815881 5 186615 = 184592.4425639361
5 4271370359 5 186615 = 230740.55320491642
0 552615 3 = 0.0
2 6 0 2 3 = 0.0
3 6 4985.000000 = -469935.950000003
4 8446954235 6 552615 = -1534500.0
4 2036167005 6 552615 = -1534500.0
4 1095236057 6 552615 = -1534500.0
4 3401134867 6 552615 = -920700.0
4 4344819462 6 552615 = -920700.0
1 670212 6 = -343821.37835570425
5 8446954235 6 670212 = 6319114.267030232
5 2036167005 6 670212 = 1348077.7102997825
5 1095236057 6 670212 = 1733242.7703854367
5 3401134867 6 670212 = 188730.8794419691
5 4344819462 6 670212 = 233666.80311863124
0 573555 0 = 0.0
2 7 1 1 7 = 0.0
3 7 4482.000000 = -347086.0799999982
4 2147269783 7 573555 = -22113.0
4 3259093407 7 573555 = -22113.0
4 9342231338 7 573555 = -22113.0
4 7752401460 7 573555 = -22113.0
4 2417625250 7 573555 = -22113.0
4 8245258856 7 573555 = -22113.0
4 6836505156 7 573555 = -22113.0
4 8251286182 7 573555 = -13267.79999999702
1 656945 7 = -258756.3342178613
5 2147269783 7 656945 = 615894.3656522706
5 3259093407 7 656945 = 587899.1672135293
5 9342231338 7 656945 = 643889.5640910044
5 7752401460 7 656945 = 119446.18000528961
5 2417625250 7 656945 = 173196.96100766957
5 8245258856 7 656945 = 125418.48900555074
5 6836505156 7 656945 = 125418.48900555074
5 8251286182 7 656945 = 18394.71172081679
0 305798 3 = 0.0
2 8 0 2 3 = 0.0
3 8 4943.000000 = -515456.0399999991
4 3661351918 8 305798 = -1534500.0
4 5842254568 8 305798 = -1534500.0
4 4118066884 8 305798 = -1534500.0
4 3458529836 8 305798 = -920700.0
4 1611247618 8 305798 = -920700.0
1 615220 8 = -406973.32934974134
5 3661351918 8 615220 = 1340398.9999467432
5 5842254568 8 615220 = 1340398.9999467432
5 4118066884 8 615220 = 1276570.476139754
5 3458529836 8 615220 = 70370.94749720395
5 1611247618 8 615220 = 90476.93249640614
0 178362 0 = 0.0
2 9 1 9 4 = 0.0
3 9 4444.000000 = -350009.4399999976
4 8880317821 9 178362 = -22113.0
4 4599784084 9 178362 = -22113.0
4 6295224696 9 178362 = -22113.0
4 2487235529 9 178362 = -22113.0
4 8803243188 9 178362 = -13267.79999999702
4 2838254905 9 178362 = -13267.79999999702
4 1447967315 9 178362 = -13267.79999999702
4 2474475356 9 178362 = -13267.79999999702
4 6824569571 9 178362 = -13267.79999999702
4 3319156211 9 178362 = -13267.79999999702
4 2348055512 9 178362 = -13267.79999999702
4 5709627498 9 178362 = -13267.79999999702
4 8454127524 9 178362 = -13267.79999999702
1 996890 9 = -269902.1368333325
5 8880317821 9 996890 = 130597.31046573818
5 4599784084 9 996890 = 124661.06908093393
5 6295224696 9 996890 = 118724.82769612968
5 2487235529 9 996890 = 124661.06908093393
5 8803243188 9 996890 = 6544.7061267495155
5 2838254905 9 996890 = 6544.7061267495155
5 1447967315 9 996890 = 6544.7061267495155
5 2474475356 9 996890 = 7479.664144858718
5 6824569571 9 996890 = 8102.969490259886
5 3319156211 9 996890 = 6233.053454048932
5 2348055512 9 996890 = 7479.664144858718
5 5709627498 9 996890 = 6544.7061267495155
5 8454127524 9 996890 = 6544.7061267495155
0 427360 3 = 0.0
2 10 0 2 3 = 0.0
3 10 4905.000000 = -343153.799999997
4 3695185941 10 427360 = -1534500.0
4 6240844441 10 427360 = -1534500.0
4 1360713560 10 427360 = -1534500.0
4 5152276612 10 427360 = -920700.0
4 8601374888 10 427360 = -920700.0
1 852127 10 = -306250.0019151494
5 3695185941 10 852127 = 1461099.391379498
5 6240844441 10 852127 = 1334047.2703899741
5 1360713560 10 852127 = 1270521.2098952085
5 5152276612 10 852127 = 195660.26632386446
5 8601374888 10 852127 = 70037.4816954732
0 423905 3 = 0.0
2 11 0 2 3 = 0.0
3 11 4911.000000 = -519682.0200000033
4 4475469504 11 423905 = -1534500.0
4 4435145155 11 423905 = -1534500.0
4 9735426627 11 423905 = -1534500.0
4 4183075758 11 423905 = -920700.0
4 9125708775 11 423905 = -920700.0
1 163097 11 = -325201.87654358894
5 4475469504 11 163097 = 1268437.7850008756
5 4435145155 11 163097 = 1395281.5635009557
5 9735426627 11 163097 = 1268437.7850008756
5 4183075758 11 163097 = 177581.28990012407
5 9125708775 11 163097 = 66592.98371253908
0 834046 3 = 0.0
2 12 0 2 3 = 0.0
3 12 4738.000000 = -389842.6400000006
4 5712110759 12 834046 = -1534500.0
4 3735448587 12 834046 = -1534500.0
4 4041649678 12 834046 = -1534500.0
4 7521485912 12 834046 = -920700.0
4 1286000813 12 834046 = -920700.0
1 704425 12 = -311830.2088857591
5 5712110759 12 704425 = 1847749.882876575
5 3735448587 12 704425 = 1293424.9180136025
5 4041649678 12 704425 = 1355016.580776155
5 7521485912 12 704425 = 71138.37049074471
5 1286000813 12 704425 = 71138.37049074471
0 588991 3 = 0.0
2 13 0 2 3 = 0.0
3 13 4738.000000 = -361698.9200000018
4 9965973085 13 588991 = -1534500.0
4 5425204757 13 588991 = -1534500.0
4 6327153776 13 588991 = -1534500.0
4 2383809431 13 588991 = -920700.0
4 4976136152 13 588991 = -920700.0
1 122563 13 = -421455.9449933022
5 9965973085 13 122563 = 5996383.043778062
5 5425204757 13 122563 = 1340144.0199427754
5 6327153776 13 122563 = 1340144.0199427754
5 2383809431 13 122563 = 187620.1627919823
5 4976136152 13 122563 = 187620.1627919823
0 141386 3 = 0.0
2 14 0 2 3 = 0.0
3 14 4687.000000 = -504743.0300000012
4 2227413203 14 141386 = -1534500.0
4 9098087051 14 141386 = -1534500.0
4 1644651427 14 141386 = -1534500.0
4 8407509768 14 141386 = -920700.0
4 4314006291 14 141386 = -920700.0
1 465933 14 = -334881.8403445184
5 2227413203 14 465933 = 1.1605831177128166E7
5 9098087051 14 465933 = 2368262.3619415164
5 1644651427 14 465933 = 2260614.072762355
5 8407509768 14 465933 = 316485.97018672526
5 4314006291 14 465933 = 331556.7306718081
0 675310 3 = 0.0
2 15 0 2 3 = 0.0
3 15 4708.000000 = -496646.9200000018
4 7769111309 15 675310 = -1534500.0
4 8122373545 15 675310 = -1534500.0
4 6466359153 15 675310 = -1534500.0
4 9244615971 15 675310 = -920700.0
4 5619330172 15 675310 = -920700.0
1 745033 15 = -473277.78926868737
5 7769111309 15 745033 = 2368026.5702708215
5 8122373545 15 745033 = 3229127.141278401
5 6466359153 15 745033 = 2368026.5702708215
5 9244615971 15 745033 = 316454.4598452896
5 5619330172 15 745033 = 376731.49981580675
0 538099 3 = 0.0
2 16 0 2 3 = 0.0
3 16 4684.000000 = -348302.23999999464
4 7225432747 16 538099 = -1534500.0
4 4947086478 16 538099 = -1534500.0
4 8102510143 16 538099 = -1534500.0
4 3694006976 16 538099 = -920700.0
4 2042641862 16 538099 = -920700.0
1 200757 16 = -380691.88134270906
5 7225432747 16 200757 = 6211896.085823074
5 4947086478 16 200757 = 7906049.563774824
5 8102510143 16 200757 = 1264967.9302039742
5 3694006976 16 200757 = 185528.62976324558
5 2042641862 16 200757 = 63248.39651019871
0 780420 3 = 0.0
2 17 0 2 3 = 0.0
3 17 4656.000000 = -394875.3599999994
4 9236322865 17 780420 = -1534500.0
4 5911019655 17 780420 = -1534500.0
4 3567357572 17 780420 = -1534500.0
4 7743815649 17 780420 = -920700.0
4 3756800335 17 780420 = -920700.0
1 188425 17 = -458675.9859556705
5 9236322865 17 188425 = 1312020.8903752714
5 5911019655 17 188425 = 1252383.577176392
5 3567357572 17 188425 = 1252383.577176392
5 7743815649 17 188425 = 175333.7008046955
5 3756800335 17 188425 = 175333.7008046955
0 738608 0 = 0.0
2 18 2 6 5 = 0.0
3 18 4067.000000 = -331948.54000000656
4 6010144678 18 738608 = -22113.0
4 1746438166 18 738608 = -22113.0
4 7951600379 18 738608 = -22113.0
4 5740117354 18 738608 = -22113.0
4 5675206020 18 738608 = -22113.0
4 7721984068 18 738608 = -13267.79999999702
4 1736350591 18 738608 = -13267.79999999702
4 8638746350 18 738608 = -13267.79999999702
4 6474703335 18 738608 = -13267.79999999702
4 4459833802 18 738608 = -13267.79999999702
4 9345150239 18 738608 = -13267.79999999702
1 272589 18 = -372966.37826760113
5 6010144678 18 272589 = 593013.1556951106
5 1746438166 18 272589 = 120759.04261428118
5 7951600379 18 272589 = 120759.04261428118
5 5740117354 18 272589 = 126509.47321495414
5 5675206020 18 272589 = 126509.47321495414
5 7721984068 18 272589 = 6641.74734377861
5 1736350591 18 272589 = 6943.644950315356
5 8638746350 18 272589 = 6641.74734377861
5 6474703335 18 272589 = 6339.849737256765
5 4459833802 18 272589 = 6641.74734377861
5 9345150239 18 272589 = 6037.952130720019
0 414618 3 = 0.0
2 19 0 2 3 = 0.0
3 19 4642.000000 = -462621.7199999988
4 1820391805 19 414618 = -1534500.0
4 5666124604 19 414618 = -1534500.0
4 4251915844 19 414618 = -1534500.0
4 5140102751 19 414618 = -920700.0
4 5549897691 19 414618 = -920700.0
1 422353 19 = -364558.18180538714
5 1820391805 19 422353 = 5855785.084562197
5 5666124604 19 422353 = 7807713.44608292
5 4251915844 19 422353 = 6134631.993350863
5 5140102751 19 422353 = 191549.2365438938
5 5549897691 19 422353 = 183221.00886806846
0 208489 0 = 0.0
2 20 2 6 5 = 0.0
3 20 3981.000000 = -278072.84999999404
4 8137994523 20 208489 = -22113.0
4 2196433512 20 208489 = -22113.0
4 8004020998 20 208489 = -22113.0
4 7019450495 20 208489 = -22113.0
4 3131392075 20 208489 = -22113.0
4 8902886063 20 208489 = -13267.79999999702
4 6091512600 20 208489 = -13267.79999999702
4 9744009427 20 208489 = -13267.79999999702
4 2289035376 20 208489 = -13267.79999999702
4 1580426769 20 208489 = -13267.79999999702
4 5466162668 20 208489 = -13267.79999999702
1 682406 20 = -349801.88236275315
5 8137994523 20 682406 = 131053.01956185699
5 2196433512 20 682406 = 119657.10481733084
5 8004020998 20 682406 = 131053.01956185699
5 7019450495 20 682406 = 113959.14744508266
5 3131392075 20 682406 = 136750.97693410516
5 8902886063 20 682406 = 6281.9980029165745
5 6091512600 20 682406 = 7777.711813122034
5 9744009427 20 682406 = 6281.9980029165745
5 2289035376 20 682406 = 6581.140764951706
5 1580426769 20 682406 = 5982.855240881443
5 5466162668 20 682406 = 5982.855240881443
0 306633 3 = 0.0
2 21 0 2 3 = 0.0
3 21 4611.000000 = -440765.48999999464
4 8371893081 21 306633 = -1534500.0
4 5775185033 21 306633 = -1534500.0
4 9245471226 21 306633 = -1534500.0
4 1459363564 21 306633 = -920700.0
4 2453232159 21 306633 = -920700.0
1 549823 21 = -426245.3844257742
5 8371893081 21 549823 = 1772596.390040338
5 5775185033 21 549823 = 1299904.0193628967
5 9245471226 21 549823 = 1240817.4730282426
5 1459363564 21 549823 = 62040.87365141511
5 2453232159 21 549823 = 62040.87365141511
0 139201 3 = 0.0
2 22 0 2 3 = 0.0
3 22 4546.000000 = -309537.1400000006
4 5587378562 22 139201 = -1534500.0
4 2477902639 22 139201 = -1534500.0
4 5151482786 22 139201 = -1534500.0
4 6520210498 22 139201 = -920700.0
4 1381831252 22 139201 = -920700.0
1 478779 22 = -421991.6174376458
5 5587378562 22 478779 = 1455162.9998594522
5 2477902639 22 478779 = 1629782.5598426163
5 5151482786 22 478779 = 1338749.959870696
5 6520210498 22 478779 = 179276.08158269525
5 1381831252 22 478779 = 70284.37289321423
0 744152 0 = 0.0
2 23 1 1 7 = 0.0
3 23 3478.000000 = -367659.37999999523
4 5538555895 23 744152 = -22113.0
4 8714228210 23 744152 = -22113.0
4 2514670766 23 744152 = -22113.0
4 3197942764 23 744152 = -22113.0
4 2186385341 23 744152 = -22113.0
4 7484425190 23 744152 = -22113.0
4 6377176923 23 744152 = -22113.0
4 3191093584 23 744152 = -13267.800000011921
1 704752 23 = -465292.54863503575
5 5538555895 23 704752 = 532306.8524531424
5 8714228210 23 704752 = 506958.9070982337
5 2514670766 23 704752 = 113558.7951900065
5 3197942764 23 704752 = 118966.35686573386
5 2186385341 23 704752 = 118966.35686573386
5 7484425190 23 704752 = 108151.23351427913
5 6377176923 23 704752 = 113558.7951900065
5 3191093584 23 704752 = 17412.348595798016
0 730939 3 = 0.0
2 24 0 2 3 = 0.0
3 24 4539.000000 = -395936.9699999988
4 7360621124 24 730939 = -1534500.0
4 5470364821 24 730939 = -1534500.0
4 8197229771 24 730939 = -1534500.0
4 7849285430 24 730939 = -920700.0
4 6063368382 24 730939 = -920700.0
1 794001 24 = -339767.29699137807
5 7360621124 24 794001 = 5952441.250184327
5 5470364821 24 794001 = 5681875.738812327
5 8197229771 24 794001 = 1212133.4909466207
5 7849285430 24 794001 = 169698.68873253465
5 6063368382 24 794001 = 193941.35855147243
0 780173 0 = 0.0
2 25 2 6 5 = 0.0
3 25 3530.000000 = -354906.1999999881
4 9815857966 25 780173 = -22113.0
4 5171315803 25 780173 = -22113.0
4 2031060013 25 780173 = -22113.0
4 1037910904 25 780173 = -22113.0
4 8010944150 25 780173 = -22113.0
4 2064215822 25 780173 = -13267.800000011921
4 4519493988 25 780173 = -13267.800000011921
4 1559652605 25 780173 = -13267.800000011921
4 2010639322 25 780173 = -13267.800000011921
4 5679636115 25 780173 = -13267.800000011921
4 7030712112 25 780173 = -13267.800000011921
1 265845 25 = -321708.859441936
5 9815857966 25 265845 = 557342.5373916328
5 5171315803 25 265845 = 145922.40978980064
5 2031060013 25 265845 = 124304.27500614524
5 1037910904 25 265845 = 118899.74131020904
5 8010944150 25 265845 = 124304.27500614524
5 2064215822 25 265845 = 6242.236418783665
5 4519493988 25 265845 = 5958.498399764299
5 1559652605 25 265845 = 5958.498399764299
5 2010639322 25 265845 = 5958.498399764299
5 5679636115 25 265845 = 6242.236418783665
5 7030712112 25 265845 = 6242.236418783665
0 217670 0 = 0.0
2 26 1 1 7 = 0.0
3 26 3184.000000 = -264781.4399999976
4 5525617944 26 217670 = -22113.0
4 9296666256 26 217670 = -22113.0
4 7189752224 26 217670 = -22113.0
4 8865356070 26 217670 = -22113.0
4 9546986724 26 217670 = -22113.0
4 6595476429 26 217670 = -22113.0
4 4067800376 26 217670 = -22113.0
4 6580064075 26 217670 = -13267.800000011921
1 685720 26 = -401453.32706809044
5 5525617944 26 685720 = 520687.9404874742
5 9296666256 26 685720 = 106030.99879017472
5 7189752224 26 685720 = 111080.0939706564
5 8865356070 26 685720 = 151472.85541453958
5 9546986724 26 685720 = 111080.0939706564
5 6595476429 26 685720 = 111080.0939706564
5 4067800376 26 685720 = 116129.18915113807
5 6580064075 26 685720 = 14844.339830636978
0 210161 0 = 0.0
2 27 1 1 7 = 0.0
3 27 3099.000000 = -212374.4699999988
4 9414020363 27 210161 = -22113.0
4 6972918731 27 210161 = -22113.0
4 3909927319 27 210161 = -22113.0
4 5969594722 27 210161 = -22113.0
4 6644146111 27 210161 = -22113.0
4 9278266630 27 210161 = -22113.0
4 9328296388 27 210161 = -22113.0
4 6799260833 27 210161 = -13267.800000011921
1 241278 27 = -289294.82639297843
5 9414020363 27 241278 = 459638.7491080463
5 6972918731 27 241278 = 528584.5614742339
5 3909927319 27 241278 = 551566.4989296496
5 5969594722 27 241278 = 551566.4989296496
5 6644146111 27 241278 = 551566.4989296496
5 9278266630 27 241278 = 102959.07980018854
5 9328296388 27 241278 = 107861.89312401414
5 6799260833 27 241278 = 15100.665037363768
0 310850 0 = 0.0
2 28 2 6 5 = 0.0
3 28 3151.000000 = -252332.0800000131
4 6337807832 28 310850 = -22113.0
4 5090556880 28 310850 = -22113.0
4 7891055828 28 310850 = -22113.0
4 1409830608 28 310850 = -22113.0
4 5501679786 28 310850 = -22113.0
4 5271091753 28 310850 = -13267.800000011921
4 3128287869 28 310850 = -13267.800000011921
4 2840156525 28 310850 = -13267.800000011921
4 8841880352 28 310850 = -13267.800000011921
4 6079453805 28 310850 = -13267.800000011921
4 8399046826 28 310850 = -13267.800000011921
1 570769 28 = -487914.84321936965
5 6337807832 28 570769 = 103890.03942605853
5 5090556880 28 570769 = 108837.18416061997
5 7891055828 28 570769 = 98942.89469146729
5 1409830608 28 570769 = 148414.34203720093
5 5501679786 28 570769 = 103890.03942605853
5 5271091753 28 570769 = 7791.752956956625
5 3128287869 28 570769 = 5713.952168434858
5 2840156525 28 570769 = 5973.677266985178
5 8841880352 28 570769 = 5454.227069854736
5 6079453805 28 570769 = 5194.501971304417
5 8399046826 28 570769 = 5713.952168434858
0 575568 3 = 0.0
2 29 0 2 3 = 0.0
3 29 4221.000000 = -347768.1899999976
4 6634548067 29 575568 = -1534500.0
4 8229743488 29 575568 = -1534500.0
4 5816617875 29 575568 = -1534500.0
4 7764444147 29 575568 = -920700.0
4 6052526395 29 575568 = -920700.0
1 923044 29 = -374117.95816263556
5 6634548067 29 923044 = 1280220.392726183
5 8229743488 29 923044 = 1331429.2084352374
5 5816617875 29 923044 = 1075385.1298899949
5 7764444147 29 923044 = 172061.62078240514
5 6052526395 29 923044 = 143384.6839853227
0 770681 3 = 0.0
2 30 0 10 0 = 0.0
3 30 4302.000000 = -385674.3000000119
4 1434958223 30 770681 = -920700.0
4 2567261455 30 770681 = -920700.0
4 6147381883 30 770681 = -920700.0
4 6408842720 30 770681 = -920700.0
4 3747942230 30 770681 = -920700.0
4 4611434214 30 770681 = -920700.0
4 4224174073 30 770681 = -920700.0
4 2775457104 30 770681 = -920700.0
4 7752419924 30 770681 = -920700.0
4 1269074928 30 770681 = -920700.0
1 590447 30 = -374820.51696392894
5 1434958223 30 590447 = 56249.06079855561
5 2567261455 30 590447 = 56249.06079855561
5 6147381883 30 590447 = 77677.27443611622
5 6408842720 30 590447 = 58927.58750325441
5 3747942230 30 590447 = 58927.58750325441
5 4611434214 30 590447 = 58927.58750325441
5 4224174073 30 590447 = 53570.53409385681
5 2775457104 30 590447 = 69641.69432201982
5 7752419924 30 590447 = 58927.58750325441
5 1269074928 30 590447 = 61606.114207953215
0 943665 3 = 0.0
2 31 0 2 3 = 0.0
3 31 4168.000000 = -373661.1999999881
4 3718170685 31 943665 = -1534500.0
4 2115283746 31 943665 = -1534500.0
4 3618009604 31 943665 = -1534500.0
4 4510397979 31 943665 = -920700.0
4 8923622600 31 943665 = -920700.0
1 971601 31 = -374733.22638106346
5 3718170685 31 971601 = 5903356.048151761
5 2115283746 31 971601 = 1460883.8433826268
5 3618009604 31 971601 = 1158632.013717264
5 4510397979 31 971601 = 155155.93922823668
5 8923622600 31 971601 = 176313.56730479002
0 795551 3 = 0.0
2 32 0 2 3 = 0.0
3 32 4155.000000 = -374323.9499999881
4 2156950745 32 795551 = -1534500.0
4 8494946011 32 795551 = -1534500.0
4 4335736544 32 795551 = -1534500.0
4 1064022959 32 795551 = -920700.0
4 4577617547 32 795551 = -920700.0
1 224945 32 = -379998.0861258805
5 2156950745 32 224945 = 1045131.2543501854
5 8494946011 32 224945 = 1144667.5642882884
5 4335736544 32 224945 = 995363.099381119
5 1064022959 32 224945 = 139350.83391335607
5 4577617547 32 224945 = 146318.37560904026
0 704144 0 = 0.0
2 33 1 1 7 = 0.0
3 33 2890.000000 = -270532.90000000596
4 3201575639 33 704144 = -22113.0
4 9651901991 33 704144 = -22113.0
4 7938909049 33 704144 = -22113.0
4 5269855454 33 704144 = -22113.0
4 3159160488 33 704144 = -22113.0
4 5072844966 33 704144 = -22113.0
4 9423499836 33 704144 = -22113.0
4 4241468618 33 704144 = -13267.800000011921
1 211101 33 = -391599.80579027534
5 3201575639 33 211101 = 114927.11035978794
5 9651901991 33 211101 = 97246.01645827293
5 7938909049 33 211101 = 119347.38383513689
5 5269855454 33 211101 = 119347.38383513689
5 3159160488 33 211101 = 106086.56340903044
5 5072844966 33 211101 = 92825.74298289418
5 9423499836 33 211101 = 92825.74298289418
5 4241468618 33 211101 = 4873.351506590843
0 255223 3 = 0.0
2 34 1 7 1 = 0.0
3 34 4199.000000 = -349188.8400000036
4 5649655062 34 255223 = -1534500.0
4 9274724560 34 255223 = -920700.0
4 4956442472 34 255223 = -920700.0
4 9456116645 34 255223 = -920700.0
4 9192480736 34 255223 = -920700.0
4 8674081039 34 255223 = -920700.0
4 6086673130 34 255223 = -920700.0
4 9968204294 34 255223 = -920700.0
1 460161 34 = -428283.3008171618
5 5649655062 34 460161 = 1980074.181962669
5 9274724560 34 460161 = 103953.8945530355
5 4956442472 34 460161 = 122854.60265359282
5 9456116645 34 460161 = 132304.9567038715
5 9192480736 34 460161 = 103953.8945530355
5 8674081039 34 460161 = 99228.71752789617
5 6086673130 34 460161 = 99228.71752789617
5 9968204294 34 460161 = 94503.54050275683
0 989578 3 = 0.0
2 35 0 2 3 = 0.0
3 35 4014.000000 = -289650.24000000954
4 4929070298 35 989578 = -1534500.0
4 7632795598 35 989578 = -1534500.0
4 1916929289 35 989578 = -1534500.0
4 5085281387 35 989578 = -920700.0
4 6971096962 35 989578 = -920700.0
1 648903 35 = -355143.9809419513
5 4929070298 35 648903 = 983500.536742121
5 7632795598 35 648903 = 1124000.6134195626
5 1916929289 35 648903 = 983500.536742121
5 5085281387 35 648903 = 131133.40489894152
5 6971096962 35 648903 = 54092.52952080965
0 629522 3 = 0.0
2 36 0 2 3 = 0.0
3 36 3990.000000 = -272118.0
4 4816675813 36 629522 = -1534500.0
4 8634659503 36 629522 = -1534500.0
4 6914442288 36 629522 = -1534500.0
4 6552829453 36 629522 = -920700.0
4 4853005351 36 629522 = -920700.0
1 589441 36 = -431326.86733335257
5 4816675813 36 589441 = 4569067.748805016
5 8634659503 36 589441 = 1346061.8637749255
5 6914442288 36 589441 = 974734.4530783892
5 6552829453 36 589441 = 136462.8234309852
5 4853005351 36 589441 = 136462.8234309852
0 604728 0 = 0.0
2 37 1 1 7 = 0.0
3 37 2848.000000 = -197992.96000000834
4 7529133308 37 604728 = -22113.0
4 2422705211 37 604728 = -22113.0
4 6770133715 37 604728 = -22113.0
4 5403159443 37 604728 = -22113.0
4 4680575112 37 604728 = -22113.0
4 8177960371 37 604728 = -22113.0
4 9356851837 37 604728 = -22113.0
4 3543039205 37 604728 = -13267.800000011921
1 268317 37 = -527331.5381658673
5 7529133308 37 268317 = 86405.38925656676
5 2422705211 37 268317 = 90725.65871939063
5 6770133715 37 268317 = 95045.9281822145
5 5403159443 37 268317 = 86405.38925656676
5 4680575112 37 268317 = 90725.65871939063
5 8177960371 37 268317 = 125287.81442201138
5 9356851837 37 268317 = 103686.46710786223
5 3543039205 37 268317 = 12096.75449591875
0 714145 0 = 0.0
2 38 1 1 7 = 0.0
3 38 2855.000000 = -313421.90000000596
4 8970723898 38 714145 = -22113.0
4 1353858168 38 714145 = -22113.0
4 1577506565 38 714145 = -22113.0
4 6688628513 38 714145 = -22113.0
4 8145897157 38 714145 = -22113.0
4 6934127310 38 714145 = -22113.0
4 1750290426 38 714145 = -22113.0
4 3404463423 38 714145 = -13267.800000011921
1 199325 38 = -456955.46614280343
5 8970723898 38 199325 = 99155.39580187201
5 1353858168 38 199325 = 90533.18747127056
5 1577506565 38 199325 = 99155.39580187201
5 6688628513 38 199325 = 94844.29163658619
5 8145897157 38 199325 = 86222.08330598474
5 6934127310 38 199325 = 99155.39580187201
5 1750290426 38 199325 = 86222.08330598474
5 3404463423 38 199325 = 12674.646245986223
0 670906 0 = 0.0
2 39 1 9 4 = 0.0
3 39 2920.000000 = -236724.40000000596
4 5563714062 39 670906 = -22113.0
4 1814369832 39 670906 = -22113.0
4 6978930077 39 670906 = -22113.0
4 2828974869 39 670906 = -22113.0
4 8467939515 39 670906 = -13267.800000011921
4 7991076940 39 670906 = -13267.800000011921
4 9429223966 39 670906 = -13267.800000011921
4 5500948477 39 670906 = -13267.800000011921
4 3290685446 39 670906 = -13267.800000011921
4 6292299571 39 670906 = -13267.800000011921
4 5990257971 39 670906 = -13267.800000011921
4 1784489571 39 670906 = -13267.800000011921
4 8138234202 39 670906 = -13267.800000011921
1 886312 39 = -371945.7620347142
5 5563714062 39 886312 = 119083.76944229007
5 1814369832 39 886312 = 85059.83531594276
5 6978930077 39 886312 = 93565.81884753704
5 2828974869 39 886312 = 97818.81061333418
5 8467939515 39 886312 = 4465.641354084015
5 7991076940 39 886312 = 6251.897895723581
5 9429223966 39 886312 = 4688.923421800137
5 5500948477 39 886312 = 4912.205489486456
5 3290685446 39 886312 = 4688.923421800137
5 6292299571 39 886312 = 4912.205489486456
5 5990257971 39 886312 = 4912.205489486456
5 1784489571 39 886312 = 4912.205489486456
5 8138234202 39 886312 = 5135.487557202578
12709912.126163 = 0.0
