0 385954 1 = 0.0
2 0 102 108 3 = 0.0
4 5245407953 0 385954 = -10883.249999999998
4 2938875966 0 385954 = -10883.249999999998
4 9081440265 0 385954 = -10883.249999999996
4 3568534195 0 385954 = -6529.949999999997
4 4575477948 0 385954 = -6529.949999999997
4 6656997568 0 385954 = -6529.949999999997
4 9876119713 0 385954 = -6529.949999999997
4 4619117918 0 385954 = -6529.949999999997
4 8651538360 0 385954 = -6529.950000000004
4 2397770490 0 385954 = -6529.949999999997
4 4504821398 0 385954 = -6529.949999999997
4 1102933921 0 385954 = -6529.949999999997
4 6300444567 0 385954 = -6529.949999999997
3 0 140000.000000 = -4820200.0
1 344281 0 = -218644.7026857417
3 0 93483.018364 = -7763764.6751494
1 505904 0 = -314881.5447292179
3 0 127485.747299 = -1.0363316397971908E7
1 899490 0 = -261587.7742411159
3 0 71921.471761 = -7492059.713383239
1 229179 0 = -243007.10509216413
3 0 63714.263358 = -3672490.1399729624
1 776559 0 = -241559.59641970694
3 0 117804.007924 = -1.1869931838410243E7
1 122228 0 = -294750.11040157825
3 0 98237.539638 = -6807861.496912032
1 598983 0 = -418743.0567106083
3 0 50380.951002 = -4577613.2080455795
1 978195 0 = -263672.7791922763
3 0 79039.016638 = -5694761.148734853
1 689475 0 = -231692.94578955323
3 0 47475.584471 = -5185758.09180595
1 515055 0 = -301195.07868619263
3 0 64535.071971 = -3308067.7892249525
1 133964 0 = -328592.1309386939
3 0 63368.404269 = -3791965.3114412427
1 774736 0 = -261462.0363395363
5 5245407953 0 774736 = 3496925.527144268
5 2938875966 0 774736 = 3496925.527144268
5 9081440265 0 774736 = 3663445.7903416157
5 3568534195 0 774736 = 201073.2178107947
5 4575477948 0 774736 = 227300.1592643708
5 6656997568 0 774736 = 192330.90399293602
5 9876119713 0 774736 = 183588.59017507732
5 4619117918 0 774736 = 192330.90399293602
5 8651538360 0 774736 = 201073.2178107947
5 2397770490 0 774736 = 183588.59017506987
5 4504821398 0 774736 = 201073.2178107947
5 1102933921 0 774736 = 183588.59017506987
5 6300444567 0 774736 = 192330.90399293602
-66209952.782448 = 0.0
