0 734107 1 = 0.0
2 0 110 108 2 = 0.0
4 8550288578 0 734107 = -8268.75
4 4702053295 0 734107 = -8268.75
4 8518418876 0 734107 = -4961.25
4 9176718584 0 734107 = -4961.25
4 5709612627 0 734107 = -4961.25
4 5739335698 0 734107 = -4961.25
4 6520937641 0 734107 = -4961.25
4 6824073387 0 734107 = -4961.25
4 1187819732 0 734107 = -4961.25
4 3850059105 0 734107 = -4961.25
4 7921178116 0 734107 = -4961.25
4 2591171672 0 734107 = -4961.25
4 7616757195 0 734107 = -4961.25
3 0 140000.000000 = -4758600.0
1 745590 0 = -196469.89686217904
3 0 67696.367953 = -3678620.634539664
1 488748 0 = -176016.75812973082
3 0 66616.261281 = -5261352.31593569
1 183176 0 = -351175.4923726395
3 0 57818.968699 = -4452060.589842159
1 161979 0 = -260206.31855581328
3 0 73199.979407 = -6908614.056446377
1 933916 0 = -309397.5500019416
3 0 75073.419640 = -7977301.570926428
1 766144 0 = -383809.2470746711
3 0 78446.886667 = -8171812.184091277
1 878308 0 = -395463.77282993495
3 0 66647.494380 = -5828323.383518681
1 467131 0 = -342617.34951479733
3 0 110902.045049 = -3781759.7361850515
1 137545 0 = -229423.20866888016
3 0 80521.398732 = -3622657.728931062
1 490502 0 = -232447.06990956515
3 0 118740.928276 = -1.1050030785406224E7
1 723432 0 = -232174.1172016114
3 0 69016.466056 = -5101697.170871645
1 252824 0 = -356687.60479541123
3 0 45753.097592 = -4529556.661560595
1 824540 0 = -348278.51239812374
3 0 96231.471819 = -8701249.681861177
1 859420 0 = -250902.7613787353
3 0 48573.028756 = -3932472.408050701
1 477356 0 = -283994.68179005384
3 0 84441.688200 = -4170574.9802067727
1 271948 0 = -247422.01710104942
3 0 90963.702682 = -7724637.631786138
1 186727 0 = -282985.9925904125
3 0 54971.668416 = -5750586.233002692
1 101273 0 = -369718.9680427164
3 0 121045.130196 = -9187325.381893992
1 150508 0 = -387696.0478428155
3 0 132327.053301 = -9868951.635217845
1 905347 0 = -285300.4390104264
3 0 106993.448226 = -7744185.7826063335
1 521980 0 = -255866.89125448465
3 0 127488.717262 = -1.1289125913564712E7
1 471987 0 = -230368.8192822039
3 0 106812.045785 = -4875969.890105426
1 902722 0 = -259046.55987542868
5 8550288578 0 902722 = 5850660.787653744
5 4702053295 0 902722 = 5087531.119698912
5 8518418876 0 902722 = 347223.9989194572
5 9176718584 0 902722 = 293804.9221626222
5 5709612627 0 902722 = 280450.15297341347
5 5739335698 0 902722 = 293804.9221625924
5 6520937641 0 902722 = 293804.9221626222
5 6824073387 0 902722 = 307159.69135183096
5 1187819732 0 902722 = 293804.9221625924
5 3850059105 0 902722 = 307159.69135183096
5 7921178116 0 902722 = 293804.9221626222
5 2591171672 0 902722 = 347223.9989194274
5 7616757195 0 902722 = 373933.5372978747
-140735680.094055 = 0.0
