0 236746 1 = 0.0
2 0 101 111 2 = 0.0
4 4235212924 0 236746 = -8520.75
4 6588170899 0 236746 = -8520.75
4 7789031488 0 236746 = -5112.450000000001
4 2963010719 0 236746 = -5112.450000000001
4 1848401449 0 236746 = -5112.450000000001
4 5895198566 0 236746 = -5112.450000000001
4 8866376831 0 236746 = -5112.449999999997
4 9798730759 0 236746 = -5112.449999999997
4 7266626835 0 236746 = -5112.449999999997
4 2016509987 0 236746 = -5112.449999999997
4 9561105918 0 236746 = -5112.449999999997
4 1464590176 0 236746 = -5112.449999999997
4 6055510211 0 236746 = -5112.449999999997
3 0 140000.000000 = -5975200.0
1 549595 0 = -273290.09915425815
3 0 60327.662012 = -4499237.03288995
1 144367 0 = -287123.46705054864
3 0 134638.979830 = -1.3921670514467353E7
1 216504 0 = -253066.32091780752
3 0 65055.145354 = -4400980.583170731
1 462131 0 = -370979.1175458245
3 0 63775.947851 = -2525527.534905717
1 123791 0 = -232691.31799394265
3 0 54393.265512 = -2447153.0153700374
1 561472 0 = -280202.05581624806
3 0 125337.559488 = -8024110.558418177
1 550151 0 = -280511.13703177124
3 0 78528.973916 = -6400896.663864225
1 786446 0 = -249044.3659396395
3 0 75726.426408 = -5006274.049805142
1 390005 0 = -440766.95798388124
3 0 122437.469549 = -6195335.959171362
1 164601 0 = -234493.7098358944
3 0 121443.110285 = -1.3104926030802168E7
1 411516 0 = -360338.48551246524
3 0 73345.347551 = -7188577.513464749
1 637537 0 = -318125.0186844915
3 0 77188.253869 = -5289711.037652895
1 137829 0 = -258474.16189032793
3 0 52101.699688 = -4659455.003089383
1 689927 0 = -430109.3935198039
3 0 131500.243485 = -1.3206569453203633E7
1 256681 0 = -338208.8583815396
5 4235212924 0 256681 = 3578396.499322757
5 6588170899 0 256681 = 3407996.666021675
5 7789031488 0 256681 = 178919.82496613264
5 2963010719 0 256681 = 187865.81621444225
5 1848401449 0 256681 = 268379.73744919896
5 5895198566 0 256681 = 196811.80746275187
5 8866376831 0 256681 = 196811.80746275187
5 9798730759 0 256681 = 187865.81621445715
5 7266626835 0 256681 = 205757.79871104658
5 2016509987 0 256681 = 187865.81621445715
5 9561105918 0 256681 = 178919.82496613264
5 1464590176 0 256681 = 205757.79871106148
5 6055510211 0 256681 = 214703.7899593562
-98330274.863858 = 0.0
