0 572179 2 = 0.0
2 0 5 4 0 = 0.0
3 0 90918.000000 = -5110500.78
4 8797759558 0 572179 = -28881.900000000373
4 2129958107 0 572179 = -28881.900000000373
4 6672140764 0 572179 = -28881.900000000373
4 9626882826 0 572179 = -28881.900000000373
1 892717 0 = -213005.25422990974
5 8797759558 0 892717 = 30629.45903633628
5 2129958107 0 892717 = 36755.35084360279
5 6672140764 0 892717 = 39818.29674723651
5 9626882826 0 892717 = 32160.931988153607
0 221360 2 = 0.0
2 1 3 3 0 = 0.0
3 1 61726.000000 = -2091276.88
4 1328320813 1 221360 = -28881.900000000373
4 8419188572 1 221360 = -28881.900000000373
4 2559943470 1 221360 = -28881.900000000373
1 606647 1 = -166627.05467840098
5 1328320813 1 606647 = 33706.274741118774
5 8419188572 1 606647 = 33706.274741118774
5 2559943470 1 606647 = 33706.274741119705
0 580189 2 = 0.0
2 2 0 2 0 = 0.0
3 2 47742.000000 = -1901086.4400000013
4 6014231515 2 580189 = -28881.900000000373
4 8402828851 2 580189 = -28881.900000000373
1 420384 2 = -191455.35204531625
5 6014231515 2 420384 = 42062.01773930527
5 8402828851 2 420384 = 30845.479675488546
0 601380 1 = 0.0
2 3 1 2 1 = 0.0
3 3 88714.000000 = -4937821.24
4 1175044978 3 601380 = -9056.25
4 6863278936 3 601380 = -5433.75
4 3503756370 3 601380 = -5433.75
1 720918 3 = -193587.43139259145
5 1175044978 3 720918 = 466787.8129186258
5 6863278936 3 720918 = 22375.372336642817
5 3503756370 3 720918 = 22375.372336642817
0 683880 1 = 0.0
2 4 5 4 0 = 0.0
3 4 133960.000000 = -6763640.400000002
4 4550989063 4 683880 = -5433.75
4 1568216555 4 683880 = -5433.75
4 2992730110 4 683880 = -5433.75
4 6135065923 4 683880 = -5433.75
1 630205 4 = -297712.7055718638
5 4550989063 4 630205 = 20621.797070059925
5 1568216555 4 630205 = 20621.79707006365
5 2992730110 4 630205 = 19639.80673339218
5 6135065923 4 630205 = 21603.787406731397
0 798676 1 = 0.0
2 5 2 3 0 = 0.0
3 5 129322.000000 = -8506801.16
4 6193712995 5 798676 = -5433.75
4 2326449268 5 798676 = -5433.75
4 2023854929 5 798676 = -5433.75
1 720918 5 = -276751.7916197404
5 6193712995 5 720918 = 25736.491578478366
5 2326449268 5 720918 = 24566.651052184403
5 2023854929 5 720918 = 26906.33210477233
0 892717 1 = 0.0
2 6 3 4 0 = 0.0
3 6 62719.000000 = -2138717.8999999985
4 8503586780 6 892717 = -5433.75
4 5703718891 6 892717 = -5433.75
4 4245016651 6 892717 = -5433.75
4 2728881704 6 892717 = -5433.75
1 615832 6 = -260909.14903362468
5 8503586780 6 615832 = 15843.268185421824
5 5703718891 6 615832 = 15088.826843257993
5 4245016651 6 615832 = 17352.150869749486
5 2728881704 6 615832 = 15843.268185421824
0 221360 1 = 0.0
2 7 2 3 0 = 0.0
3 7 124859.000000 = -4230222.919999998
4 5300329434 7 221360 = -5433.75
4 6431880471 7 221360 = -5433.75
4 2098946541 7 221360 = -5433.75
1 892717 7 = -291520.1218607873
5 5300329434 7 892717 = 20321.37007404864
5 6431880471 7 892717 = 20321.37007404864
5 2098946541 7 892717 = 20321.37007405609
0 927832 1 = 0.0
2 8 2 3 0 = 0.0
3 8 112583.000000 = -5077493.299999997
4 2311755764 8 927832 = -5433.75
4 9796624738 8 927832 = -5433.75
4 1652601156 8 927832 = -5433.75
1 556075 8 = -203192.5372378677
5 2311755764 8 556075 = 20803.83247130364
5 9796624738 8 556075 = 20803.83247130364
5 1652601156 8 556075 = 20803.832471311092
0 568688 1 = 0.0
2 9 2 1 1 = 0.0
3 9 59840.000000 = -3863868.799999997
4 2492335809 9 568688 = -9056.25
4 3630886426 9 568688 = -5433.75
1 347259 9 = -191858.33091419935
5 2492335809 9 347259 = 275681.8487357646
5 3630886426 9 347259 = 15196.961911559105
0 221360 1 = 0.0
2 10 5 4 0 = 0.0
3 10 80798.000000 = -2737436.240000002
4 9127539262 10 221360 = -5433.75
4 5587164625 10 221360 = -5433.75
4 7300615880 10 221360 = -5433.75
4 1829491959 10 221360 = -5433.75
1 601380 10 = -175122.2906199172
5 9127539262 10 601380 = 26511.02158255875
5 5587164625 10 601380 = 25305.975146993995
5 7300615880 10 601380 = 24100.928711421788
5 1829491959 10 601380 = 25305.975146993995
0 630205 1 = 0.0
2 11 3 3 0 = 0.0
3 11 133935.000000 = -4508252.1000000015
4 6746504494 11 630205 = -5433.75
4 6128764022 11 630205 = -5433.75
4 7928410848 11 630205 = -5433.75
1 683880 11 = -338243.31404677033
5 6746504494 11 683880 = 22585.777743399143
5 6128764022 11 683880 = 22585.777743399143
5 7928410848 11 683880 = 19639.80673339218
0 221360 1 = 0.0
2 12 2 4 0 = 0.0
3 12 51411.000000 = -1741804.6799999997
4 2432365976 12 221360 = -5433.75
4 5551969427 12 221360 = -5433.75
4 7629448449 12 221360 = -5433.75
4 7395543308 12 221360 = -5433.75
1 257112 12 = -180054.88718167692
5 2432365976 12 257112 = 19471.002738393843
5 5551969427 12 257112 = 19471.002738393843
5 7629448449 12 257112 = 17037.12739609927
5 7395543308 12 257112 = 17037.12739609182
0 306716 1 = 0.0
2 13 4 1 1 = 0.0
3 13 61516.000000 = -2293931.6400000006
4 6453132514 13 306716 = -9056.25
4 9725644996 13 306716 = -5433.75
1 580189 13 = -259767.16430879384
5 6453132514 13 580189 = 311155.3818502277
5 9725644996 13 580189 = 15593.127658627927
0 494624 1 = 0.0
2 14 6 4 0 = 0.0
3 14 65690.000000 = -3475657.8999999985
4 1280627784 14 494624 = -5433.75
4 1392943191 14 494624 = -5433.75
4 5801997222 14 494624 = -5433.75
4 6171270669 14 494624 = -5433.75
1 849559 14 = -217688.38397683203
5 1280627784 14 849559 = 19496.44662681967
5 1392943191 14 849559 = 17156.87303160131
5 5801997222 14 849559 = 16377.015166528523
5 6171270669 14 849559 = 17156.87303160876
0 775137 1 = 0.0
2 15 0 2 0 = 0.0
3 15 62031.000000 = -4496627.189999998
4 9625748135 15 775137 = -5433.75
4 7767198414 15 775137 = -5433.75
1 606647 15 = -380794.65894959867
5 9625748135 15 606647 = 35916.2240133211
5 7767198414 15 606647 = 25141.356809325516
0 615832 1 = 0.0
2 16 1 2 0 = 0.0
3 16 82580.000000 = -3697106.599999994
4 7719311931 16 615832 = -5433.75
4 4464637858 16 615832 = -5433.75
1 967375 16 = -300740.68685521185
5 7719311931 16 967375 = 25156.397413939238
5 4464637858 16 967375 = 18216.70157560706
0 798676 1 = 0.0
2 17 2 3 0 = 0.0
3 17 52698.000000 = -3466474.4399999976
4 4644592797 17 798676 = -5433.75
4 9070093042 17 798676 = -5433.75
4 9475806574 17 798676 = -5433.75
1 568688 17 = -216575.93259330094
5 4644592797 17 568688 = 15977.612976327538
5 9070093042 17 568688 = 14525.10270574689
5 9475806574 17 568688 = 15251.357841044664
-73665905.250110 = 0.0
