0 715105 2 = 0.0
2 0 1 3 0 = 0.0
3 0 91566.000000 = -4320999.54
4 4238768289 0 715105 = -31959.900000000373
4 2827578532 0 715105 = -31959.900000000373
4 3121477504 0 715105 = -31959.900000000373
1 145292 0 = -263698.5591802802
5 4238768289 0 145292 = 57266.193552765064
5 2827578532 0 145292 = 61356.63594939094
5 3121477504 0 145292 = 51130.52995782532
0 892349 2 = 0.0
2 1 0 3 0 = 0.0
3 1 52846.000000 = -2889090.8200000003
4 7446868729 1 892349 = -31959.900000000373
4 8532864219 1 892349 = -31959.900000000373
4 7204786049 1 892349 = -31959.900000000373
1 296480 1 = -182705.99027811177
5 7446868729 1 296480 = 32121.616840853356
5 8532864219 1 296480 = 26982.158146317117
5 7204786049 1 296480 = 29551.887493584305
0 881919 2 = 0.0
2 2 0 2 0 = 0.0
3 2 78936.000000 = -4471724.399999999
4 8063620263 2 881919 = -31959.900000000373
4 6913359676 2 881919 = -31959.900000000373
1 854338 2 = -270855.9140082877
5 8063620263 2 854338 = 31107.861094949767
5 6913359676 2 854338 = 42958.47484540753
0 768040 2 = 0.0
2 3 0 2 0 = 0.0
3 3 71891.000000 = -2593827.2799999993
4 9562817927 3 768040 = -31959.900000000373
4 8849725912 3 768040 = -31959.900000000373
1 408792 3 = -229344.5467281174
5 9562817927 3 408792 = 33710.723333183676
5 8849725912 3 408792 = 40452.8679998219
0 359607 2 = 0.0
2 4 0 2 0 = 0.0
3 4 60543.000000 = -4175650.709999999
4 6724928756 4 359607 = -31959.89999999851
4 3401431862 4 359607 = -31959.89999999851
1 511535 4 = -174586.74439702556
5 6724928756 4 511535 = 47355.074975423515
5 3401431862 4 511535 = 38248.329787846655
0 713135 2 = 0.0
2 5 0 2 0 = 0.0
3 5 54877.000000 = -2378369.1799999997
4 5515755153 5 713135 = -31959.89999999851
4 5622188792 5 713135 = -31959.89999999851
1 967742 5 = -170678.87844696268
5 5515755153 5 967742 = 33624.22656025365
5 5622188792 5 967742 = 32095.852625694126
0 489065 2 = 0.0
2 6 0 2 0 = 0.0
3 6 52139.000000 = -2896321.4499999993
4 1766720400 6 489065 = -31959.89999999851
4 7893491584 6 489065 = -31959.89999999851
1 316631 6 = -256754.5626381263
5 1766720400 6 316631 = 26790.01360020414
5 7893491584 6 316631 = 34444.30320026353
0 266002 2 = 0.0
2 7 1 2 0 = 0.0
3 7 58617.000000 = -3888065.6099999994
4 7254883684 7 266002 = -31959.89999999851
4 2537062468 7 266002 = -31959.89999999851
1 422098 7 = -207910.19783235714
5 7254883684 7 422098 = 28327.81443697214
5 2537062468 7 422098 = 26978.870892353356
0 190325 2 = 0.0
2 8 3 0 1 = 0.0
3 8 48746.000000 = -2504082.0199999996
4 2970947280 8 190325 = -53266.5
1 435398 8 = -204615.28594873473
5 2970947280 8 435398 = 620545.3974542692
0 574396 2 = 0.0
2 9 1 2 0 = 0.0
3 9 46570.000000 = -2873834.6999999993
4 6275076764 9 574396 = -31959.89999999851
4 8584360313 9 574396 = -31959.89999999851
1 716357 9 = -232210.32243359834
5 6275076764 9 716357 = 31384.46804217249
5 8584360313 9 716357 = 40799.808454826474
0 770990 2 = 0.0
2 10 1 2 0 = 0.0
3 10 45845.000000 = -3101414.25
4 8170988307 10 770990 = -31959.89999999851
4 2516596680 10 770990 = -31959.89999999851
1 194324 10 = -211494.7785661742
5 8170988307 10 194324 = 26683.79250563681
5 2516596680 10 194324 = 23203.297830983996
0 348804 2 = 0.0
2 11 2 2 0 = 0.0
3 11 59935.000000 = -2327276.049999997
4 1675520333 11 348804 = -31959.89999999851
4 8520317039 11 348804 = -31959.89999999851
1 366000 11 = -198291.0476217717
5 1675520333 11 366000 = 34932.15882053971
5 8520317039 11 366000 = 44459.11122614145
0 252378 2 = 0.0
2 12 2 2 0 = 0.0
3 12 48461.000000 = -2985197.6000000015
4 8938743827 12 252378 = -31959.89999999851
4 2251657172 12 252378 = -31959.89999999851
1 999280 12 = -216588.38224057108
5 8938743827 12 999280 = 31212.14273376763
5 2251657172 12 999280 = 29793.408973142505
0 469874 2 = 0.0
2 13 0 1 0 = 0.0
3 13 98033.000000 = -4335019.259999998
4 8359818747 13 469874 = -31959.89999999851
1 734265 13 = -337284.0714388639
5 8359818747 13 734265 = 47741.58645258844
0 377055 2 = 0.0
2 14 0 1 0 = 0.0
3 14 62886.000000 = -3292710.960000001
4 4100294375 14 377055 = -31959.89999999851
1 768040 14 = -282533.4537399784
5 4100294375 14 768040 = 30479.59813798964
0 443818 2 = 0.0
2 15 0 1 0 = 0.0
3 15 49412.000000 = -2255657.799999997
4 2130541995 15 443818 = -31959.89999999851
1 842508 15 = -288033.218502
5 2130541995 15 842508 = 31667.19636451453
-54329525.781711 = 0.0
