0 438089 2 = 0.0
2 0 2 4 0 = 0.0
3 0 54389.000000 = -3410190.3000000003
4 3533825186 0 438089 = -34935.299999999814
4 4315704182 0 438089 = -34935.299999999814
4 7544788791 0 438089 = -34935.299999999814
4 9722065629 0 438089 = -34935.299999999814
1 288972 0 = -173798.28742160695
5 3533825186 0 288972 = 33461.43398798257
5 4315704182 0 288972 = 31940.45971580129
5 7544788791 0 288972 = 30419.485443620477
5 9722065629 0 288972 = 31940.45971580129
0 360551 2 = 0.0
2 1 0 2 0 = 0.0
3 1 94548.000000 = -5127338.039999999
4 3352060662 1 360551 = -34935.300000000745
4 3766829897 1 360551 = -34935.300000000745
1 876064 1 = -179355.980197791
5 3352060662 1 876064 = 43256.345767468214
5 3766829897 1 876064 = 45316.17175639607
0 251567 2 = 0.0
2 2 2 0 1 = 0.0
3 2 88866.000000 = -6334368.48
4 8664648459 2 251567 = -58225.5
1 354223 2 = -314204.7395394817
5 8664648459 2 354223 = 667628.6400523148
0 954036 2 = 0.0
2 3 0 2 0 = 0.0
3 3 62860.000000 = -3775371.5999999996
4 7729813678 3 954036 = -34935.300000000745
4 4583526587 3 954036 = -34935.300000000745
1 382611 3 = -202316.37654147297
5 7729813678 3 382611 = 35550.076825365424
5 4583526587 3 382611 = 37165.98940833658
0 118032 2 = 0.0
2 4 1 2 0 = 0.0
3 4 97148.000000 = -4894316.240000002
4 7088722917 4 118032 = -34935.300000000745
4 9201650561 4 118032 = -34935.300000000745
1 687101 4 = -204682.61800448224
5 7088722917 4 687101 = 38067.813996661454
5 9201650561 4 687101 = 41693.320091582835
0 104535 2 = 0.0
2 5 2 0 1 = 0.0
3 5 47190.000000 = -3047058.3000000007
4 5587088291 5 104535 = -58225.5
1 305109 5 = -171255.63632936776
5 5587088291 5 305109 = 555918.8085138462
0 765313 2 = 0.0
2 6 1 2 0 = 0.0
3 6 47043.000000 = -2551141.8900000006
4 5255416711 6 765313 = -34935.300000000745
4 3701767268 6 765313 = -34935.300000000745
1 930363 6 = -166768.0682249628
5 5255416711 6 930363 = 26122.68776674196
5 3701767268 6 930363 = 29684.87246220559
0 876064 2 = 0.0
2 7 0 1 0 = 0.0
3 7 99575.000000 = -4939915.750000004
4 3393473346 7 876064 = -34935.29999999702
1 823612 7 = -288461.1249036044
5 3393473346 7 823612 = 35923.23101083189
-34667063.534648 = 0.0
