0 656705 2 = 0.0
2 0 6 4 4 = 0.0
3 0 76891.000000 = -7299262.630000001
4 7584595367 0 656705 = -74385.0
4 8533195416 0 656705 = -74385.0
4 2788810852 0 656705 = -74385.0
4 4272959764 0 656705 = -74385.0
4 1411396799 0 656705 = -44631.0
4 4884042676 0 656705 = -44631.0
4 6353032118 0 656705 = -44631.0
4 4667986183 0 656705 = -44631.0
1 560843 0 = -193967.5203682892
5 7584595367 0 560843 = 1.4444149965071086E7
5 8533195416 0 560843 = 2801289.690195605
5 2788810852 0 560843 = 2941354.174705386
5 4272959764 0 560843 = 2801289.690195605
5 1411396799 0 560843 = 154421.0941720344
5 4884042676 0 560843 = 154421.0941720344
5 6353032118 0 560843 = 161774.47960879654
5 4667986183 0 560843 = 154421.0941720344
0 297465 2 = 0.0
2 1 8 5 4 = 0.0
3 1 58241.000000 = -3068718.290000001
4 7676571126 1 297465 = -74385.0
4 1386941223 1 297465 = -74385.0
4 7875916989 1 297465 = -74385.0
4 4466935231 1 297465 = -74385.0
4 8406668081 1 297465 = -44631.0
4 3326236888 1 297465 = -44631.0
4 3839668290 1 297465 = -44631.0
4 3206703688 1 297465 = -44631.0
4 7727116548 1 297465 = -44631.0
1 968754 1 = -135814.64921264164
5 7676571126 1 968754 = 1689941.2638007365
5 1386941223 1 968754 = 2227649.8477373347
5 7875916989 1 968754 = 1766756.7757916804
5 4466935231 1 968754 = 1613125.7518097907
5 8406668081 1 968754 = 80656.28759048879
5 3326236888 1 968754 = 84689.10197001696
5 3839668290 1 968754 = 100820.35948810726
5 3206703688 1 968754 = 80656.28759048879
5 7727116548 1 968754 = 84689.10197001696
0 450432 2 = 0.0
2 2 5 4 4 = 0.0
3 2 57948.000000 = -6355157.160000004
4 5867929480 2 450432 = -74385.0
4 3104823697 2 450432 = -74385.0
4 4876576717 2 450432 = -74385.0
4 5083840189 2 450432 = -74385.0
4 8862643807 2 450432 = -44631.0
4 1767400706 2 450432 = -44631.0
4 3383374649 2 450432 = -44631.0
4 6664899566 2 450432 = -44631.0
1 230898 2 = -163842.05420278758
5 5867929480 2 230898 = 1907949.654389996
5 3104823697 2 230898 = 1703526.477133926
5 4876576717 2 230898 = 1430962.240792498
5 5083840189 2 230898 = 1499103.2998778522
5 8862643807 2 230898 = 78702.9232435897
5 1767400706 2 230898 = 78702.9232435897
5 3383374649 2 230898 = 75125.51764160395
5 6664899566 2 230898 = 75125.51764160395
0 697506 2 = 0.0
2 3 8 7 3 = 0.0
3 3 62783.000000 = -3245881.1000000015
4 2158368720 3 697506 = -74385.0
4 7032394289 3 697506 = -74385.0
4 7328397057 3 697506 = -74385.0
4 9124295129 3 697506 = -44631.0
4 1211282460 3 697506 = -44631.0
4 5328448344 3 697506 = -44631.0
4 4673542730 3 697506 = -44631.0
4 9597796597 3 697506 = -44631.0
4 6477737704 3 697506 = -44631.0
4 9798318546 3 697506 = -44631.0
1 201287 3 = -174943.0949032344
5 2158368720 3 201287 = 4528475.274819918
5 7032394289 3 201287 = 1053899.7003217265
5 7328397057 3 201287 = 922162.2377815098
5 9124295129 3 201287 = 50718.923077985644
5 1211282460 3 201287 = 48413.51748353243
5 5328448344 3 201287 = 48413.51748353243
5 4673542730 3 201287 = 53024.32867243886
5 9597796597 3 201287 = 50718.923077985644
5 6477737704 3 201287 = 69162.16783361137
5 9798318546 3 201287 = 46108.11188907921
0 183551 2 = 0.0
2 4 5 4 3 = 0.0
3 4 85685.000000 = -5061412.949999999
4 3357901376 4 183551 = -74385.0
4 1510305840 4 183551 = -74385.0
4 1073235601 4 183551 = -74385.0
4 5477540145 4 183551 = -44631.0
4 5276287779 4 183551 = -44631.0
4 1525461365 4 183551 = -44631.0
4 3217948776 4 183551 = -44631.0
1 564738 4 = -183502.70197078958
5 3357901376 4 564738 = 4091973.8183239326
5 1510305840 4 564738 = 705078.565618895
5 1073235601 4 564738 = 738653.7354102656
5 5477540145 4 564738 = 38779.32110904157
5 5276287779 4 564738 = 37016.62469498813
5 1525461365 4 564738 = 40542.01752308756
5 3217948776 4 564738 = 37016.62469498813
0 656705 2 = 0.0
2 5 6 1 4 = 0.0
3 5 112941.000000 = -1.0721489129999999E7
4 8880214732 5 656705 = -74385.0
4 2814333523 5 656705 = -74385.0
4 7174351223 5 656705 = -74385.0
4 6768384093 5 656705 = -74385.0
4 1729302445 5 656705 = -44631.0
1 448718 5 = -279770.9107083753
5 8880214732 5 448718 = 1.4298498115326658E7
5 2814333523 5 448718 = 1.5728347926859327E7
5 7174351223 5 448718 = 3355380.8910633177
5 6768384093 5 448718 = 3202863.5778331757
5 1729302445 5 448718 = 184164.65572540462
0 448718 2 = 0.0
2 6 6 6 2 = 0.0
3 6 113005.000000 = -8477635.100000001
4 5991288585 6 448718 = -74385.0
4 3474501542 6 448718 = -74385.0
4 8041747806 6 448718 = -44631.0
4 3046484472 6 448718 = -44631.0
4 7151027864 6 448718 = -44631.0
4 8392793235 6 448718 = -44631.0
4 3592641435 6 448718 = -44631.0
4 3173026014 6 448718 = -44631.0
1 656705 6 = -301695.36035286635
5 5991288585 6 656705 = 1.572834792685932E7
5 3474501542 6 656705 = 3355380.8910633177
5 8041747806 6 656705 = 168150.33783623576
5 3046484472 6 656705 = 176157.49678082764
5 7151027864 6 656705 = 176157.49678082764
5 8392793235 6 656705 = 160143.17889165878
5 3592641435 6 656705 = 160143.17889165878
5 3173026014 6 656705 = 176157.49678082764
0 697506 2 = 0.0
2 7 8 4 3 = 0.0
3 7 104578.000000 = -5406682.6000000015
4 9493959008 7 697506 = -74385.0
4 6632675027 7 697506 = -74385.0
4 2111875600 7 697506 = -74385.0
4 2806986576 7 697506 = -44631.0
4 8945411600 7 697506 = -44631.0
4 3022152163 7 697506 = -44631.0
4 7123814217 7 697506 = -44631.0
1 448718 7 = -234618.39456046373
5 9493959008 7 448718 = 5163758.200450271
5 6632675027 7 448718 = 4694325.636772975
5 2111875600 7 448718 = 1151674.5562216341
5 2806986576 7 448718 = 55205.269488453865
5 8945411600 7 448718 = 65720.55891482532
5 3022152163 7 448718 = 60462.91420163214
5 7123814217 7 448718 = 52576.447131857276
0 479460 2 = 0.0
2 8 5 2 4 = 0.0
3 8 56372.000000 = -3943785.1199999973
4 6422513582 8 479460 = -74385.0
4 2735598459 8 479460 = -74385.0
4 6358776463 8 479460 = -74385.0
4 3243386516 8 479460 = -74385.0
4 2645567227 8 479460 = -44631.0
4 9968136081 8 479460 = -44631.0
1 727076 8 = -217562.54271541536
5 6422513582 8 727076 = 7457172.296924576
5 2735598459 8 727076 = 1742374.2255671397
5 6358776463 8 727076 = 2272662.033348441
5 3243386516 8 727076 = 1590863.4233438969
5 2645567227 8 727076 = 87497.48828393221
5 9968136081 8 727076 = 99428.96395897865
0 113167 2 = 0.0
2 9 7 6 3 = 0.0
3 9 50160.000000 = -2251180.799999982
4 7023303411 9 113167 = -74385.0
4 1819838242 9 113167 = -74385.0
4 2557562788 9 113167 = -74385.0
4 6970565463 9 113167 = -44631.0
4 6704677674 9 113167 = -44631.0
4 5390685403 9 113167 = -44631.0
4 7173849103 9 113167 = -44631.0
4 1731800713 9 113167 = -44631.0
4 5619282692 9 113167 = -44631.0
1 963314 9 = -202361.81302177906
5 7023303411 9 963314 = 2061311.4085535258
5 1819838242 9 963314 = 1634833.1860941648
5 2557562788 9 963314 = 1919152.0010670722
5 6970565463 9 963314 = 85828.74226993322
5 6704677674 9 963314 = 82097.05782341957
5 5390685403 9 963314 = 78365.37337690592
5 7173849103 9 963314 = 78365.37337690592
5 1731800713 9 963314 = 93292.11116299033
5 5619282692 9 963314 = 78365.37337690592
0 280028 2 = 0.0
2 10 2 3 3 = 0.0
3 10 58875.000000 = -3769177.5
4 3997618770 10 280028 = -74385.0
4 2771947549 10 280028 = -74385.0
4 4725560347 10 280028 = -74385.0
4 1068414191 10 280028 = -44631.0
4 5414591238 10 280028 = -44631.0
4 9267064218 10 280028 = -44631.0
1 763215 10 = -243681.6276280731
5 3997618770 10 763215 = 686081.7741892636
5 2771947549 10 763215 = 720385.8628987372
5 4725560347 10 763215 = 960514.4838649929
5 1068414191 10 763215 = 36019.29314494133
5 5414591238 10 763215 = 37820.2578021884
5 9267064218 10 763215 = 39621.22245943546
0 189313 2 = 0.0
2 11 5 1 4 = 0.0
3 11 64236.000000 = -3490584.2400000095
4 1963651411 11 189313 = -74385.0
4 2186916868 11 189313 = -74385.0
4 7339369408 11 189313 = -74385.0
4 5538416980 11 189313 = -74385.0
4 2942122935 11 189313 = -44631.0
1 382967 11 = -210325.19755347073
5 1963651411 11 382967 = 682000.8275701404
5 2186916868 11 382967 = 620000.7523365021
5 7339369408 11 382967 = 620000.7523365021
5 5538416980 11 382967 = 651000.7899533212
5 2942122935 11 382967 = 35805.0434474349
0 560843 2 = 0.0
2 12 5 3 3 = 0.0
3 12 76806.000000 = -6750479.340000004
4 2888878489 12 560843 = -74385.0
4 2348511074 12 560843 = -74385.0
4 9801218453 12 560843 = -74385.0
4 8714937614 12 560843 = -44631.0
4 5188813267 12 560843 = -44631.0
4 1049071733 12 560843 = -44631.0
1 656705 12 = -327348.0522928238
5 2888878489 12 656705 = 1.3131045422791898E7
5 2348511074 12 656705 = 2801289.6901955903
5 9801218453 12 656705 = 2941354.174705386
5 8714937614 12 656705 = 161774.479608804
5 5188813267 12 656705 = 183834.6359190941
5 1049071733 12 656705 = 154421.0941720307
0 932483 2 = 0.0
2 13 10 5 3 = 0.0
3 13 59484.000000 = -2892112.079999998
4 6477164098 13 932483 = -74385.0
4 1292794298 13 932483 = -74385.0
4 1398860016 13 932483 = -74385.0
4 1189017278 13 932483 = -44631.0
4 5337975875 13 932483 = -44631.0
4 3837245637 13 932483 = -44631.0
4 8111658521 13 932483 = -44631.0
4 4806498775 13 932483 = -44631.0
1 246228 13 = -267747.95748110116
5 6477164098 13 246228 = 3551723.000785321
5 1292794298 13 246228 = 3551723.000785321
5 1398860016 13 246228 = 757700.9068342149
5 1189017278 13 246228 = 41587.44750010967
5 5337975875 13 246228 = 47011.89717403054
5 3837245637 13 246228 = 45203.74728271365
5 8111658521 13 246228 = 37971.14771747589
5 4806498775 13 246228 = 39779.29760879278
0 383428 2 = 0.0
2 14 9 0 5 = 0.0
3 14 50699.000000 = -4673433.820000008
4 4711134820 14 383428 = -74385.0
4 1605055451 14 383428 = -74385.0
4 5160079697 14 383428 = -74385.0
4 5377293273 14 383428 = -74385.0
4 1711032968 14 383428 = -74385.0
1 246228 14 = -328820.2996631563
5 4711134820 14 246228 = 7461550.057291865
5 1605055451 14 246228 = 1337109.7702667117
5 5160079697 14 246228 = 1337109.7702667117
5 5377293273 14 246228 = 1337109.7702667117
5 1711032968 14 246228 = 1400781.6640889347
0 560843 2 = 0.0
2 15 6 5 3 = 0.0
3 15 46231.000000 = -4063242.5900000036
4 2273438141 15 560843 = -74385.0
4 9245620210 15 560843 = -74385.0
4 2588664079 15 560843 = -74385.0
4 8603894521 15 560843 = -44631.0
4 3615092450 15 560843 = -44631.0
4 9238669154 15 560843 = -44631.0
4 2901677864 15 560843 = -44631.0
4 8390303231 15 560843 = -44631.0
1 801509 15 = -248346.6525631547
5 2273438141 15 801509 = 6109835.2653543055
5 9245620210 15 801509 = 5832115.480565459
5 2588664079 15 801509 = 1244184.635853976
5 8603894521 15 801509 = 65319.69338232279
5 3615092450 15 801509 = 65319.69338232279
5 9238669154 15 801509 = 71540.61656159163
5 2901677864 15 801509 = 77761.53974086046
5 8390303231 15 801509 = 68430.1549719572
0 697506 2 = 0.0
2 16 6 2 3 = 0.0
3 16 113380.000000 = -5861746.0
4 3622657894 16 697506 = -74385.0
4 6539643980 16 697506 = -74385.0
4 8751345669 16 697506 = -74385.0
4 9355585860 16 697506 = -44631.0
4 2494396833 16 697506 = -44631.0
1 246228 16 = -340470.3333745748
5 3622657894 16 246228 = 890316.265496701
5 6539643980 16 246228 = 783478.3136371076
5 8751345669 16 246228 = 997154.2173563242
5 9355585860 16 246228 = 54220.260568737984
5 2494396833 16 246228 = 56089.92472627759
0 932483 2 = 0.0
2 17 6 2 3 = 0.0
3 17 75528.000000 = -3672171.3599999994
4 3010388432 17 932483 = -74385.0
4 5599553303 17 932483 = -74385.0
4 6940827562 17 932483 = -74385.0
4 1747419844 17 932483 = -44631.0
4 9550431474 17 932483 = -44631.0
1 230898 17 = -302277.4439767003
5 3010388432 17 230898 = 3660183.736092806
5 5599553303 17 230898 = 3660183.736092806
5 6940827562 17 230898 = 818022.0159394741
5 1747419844 17 230898 = 46850.35182198882
5 9550431474 17 230898 = 54658.74379232526
0 763215 2 = 0.0
2 18 7 3 3 = 0.0
3 18 58884.000000 = -4132479.120000005
4 4784105388 18 763215 = -74385.0
4 6797760872 18 763215 = -74385.0
4 1589314013 18 763215 = -74385.0
4 1860433611 18 763215 = -44631.0
4 5674740405 18 763215 = -44631.0
4 3915537148 18 763215 = -44631.0
1 280028 18 = -317052.15661121905
5 4784105388 18 280028 = 4824012.474768341
5 6797760872 18 280028 = 960514.4838649929
5 1589314013 18 280028 = 720385.8628987372
5 1860433611 18 280028 = 39621.22245943546
5 5674740405 18 280028 = 37820.2578021884
5 3915537148 18 280028 = 39621.22245943546
0 968754 2 = 0.0
2 19 7 1 4 = 0.0
3 19 50556.000000 = -3903934.319999993
4 6297398539 19 968754 = -74385.0
4 3764868096 19 968754 = -74385.0
4 2914517289 19 968754 = -74385.0
4 2615953685 19 968754 = -74385.0
4 8068823685 19 968754 = -44631.0
1 936927 19 = -339031.7810842693
5 6297398539 19 936927 = 786481.4525382221
5 3764868096 19 936927 = 750732.295604676
5 2914517289 19 936927 = 714983.13867113
5 2615953685 19 936927 = 857979.766405344
5 8068823685 19 936927 = 39413.44551923871
0 801509 2 = 0.0
2 20 7 3 3 = 0.0
3 20 58348.000000 = -2663586.200000003
4 6160263432 20 801509 = -74385.0
4 2912374568 20 801509 = -74385.0
4 1336096313 20 801509 = -74385.0
4 6852629529 20 801509 = -44631.0
4 1416465139 20 801509 = -44631.0
4 3256437189 20 801509 = -44631.0
1 915783 20 = -281701.1557801664
5 6160263432 20 915783 = 786168.7079209685
5 2912374568 20 915783 = 991256.1969438493
5 1336096313 20 915783 = 717806.2115800381
5 6852629529 20 915783 = 37684.82610794902
5 1416465139 20 915783 = 37684.82610794902
5 3256437189 20 915783 = 44862.88822373748
0 448718 2 = 0.0
2 21 4 5 2 = 0.0
3 21 53687.000000 = -4027598.7399999946
4 9352611691 21 448718 = -74385.0
4 5781343531 21 448718 = -74385.0
4 9295145995 21 448718 = -44631.0
4 3906827495 21 448718 = -44631.0
4 3617462963 21 448718 = -44631.0
4 8299418081 21 448718 = -44631.0
4 3650238704 21 448718 = -44631.0
1 915783 21 = -343615.6902513951
5 9352611691 21 915783 = 7706142.166811109
5 5781343531 21 915783 = 1380940.6762925386
5 9295145995 21 915783 = 86308.79226827621
5 3906827495 21 915783 = 72499.38550534844
5 3617462963 21 915783 = 79404.08888682723
5 8299418081 21 915783 = 72499.38550534844
5 3650238704 21 915783 = 96665.84734046459
0 285433 2 = 0.0
2 22 10 3 3 = 0.0
3 22 86824.000000 = -6551739.039999992
4 5442638995 22 285433 = -74385.0
4 8930488662 22 285433 = -74385.0
4 8940692415 22 285433 = -74385.0
4 2061132272 22 285433 = -44631.0
4 6771936378 22 285433 = -44631.0
4 6078310294 22 285433 = -44631.0
1 876573 22 = -350244.4034355581
5 5442638995 22 876573 = 8930474.601235539
5 8930488662 22 876573 = 8930474.601235509
5 8940692415 22 876573 = 2251562.081281185
5 2061132272 22 876573 = 95474.89210048318
5 6771936378 22 876573 = 100021.31553384662
5 6078310294 22 876573 = 113660.58583390713
0 189313 2 = 0.0
2 23 4 6 1 = 0.0
3 23 106311.000000 = -5776939.739999995
4 6152718499 23 189313 = -74385.0
4 4692836299 23 189313 = -44631.0
4 8066820664 23 189313 = -44631.0
4 8192700284 23 189313 = -44631.0
4 1584568830 23 189313 = -44631.0
4 1487667566 23 189313 = -44631.0
4 3281534025 23 189313 = -44631.0
1 915783 23 = -332125.82159623504
5 6152718499 23 915783 = 738477.9175835252
5 4692836299 23 915783 = 46154.8698489666
5 8066820664 23 915783 = 40616.28546708822
5 8192700284 23 915783 = 40616.28546708822
5 1584568830 23 915783 = 38770.09067314863
5 1487667566 23 915783 = 53539.64902481437
5 3281534025 23 915783 = 40616.28546708822
0 936927 2 = 0.0
2 24 5 3 3 = 0.0
3 24 47792.000000 = -2807302.079999998
4 7335847221 24 936927 = -74385.0
4 9881144736 24 936927 = -74385.0
4 6610935976 24 936927 = -74385.0
4 4984681835 24 936927 = -44631.0
4 7894286092 24 936927 = -44631.0
4 3661742076 24 936927 = -44631.0
1 976533 24 = -314341.6236977279
5 7335847221 24 976533 = 3934810.951278627
5 9881144736 24 976533 = 801270.5937149227
5 6610935976 24 976533 = 839426.3362727761
5 4984681835 24 976533 = 40063.5296857357
5 7894286092 24 976533 = 40063.5296857357
5 3661742076 24 976533 = 40063.5296857357
0 915783 2 = 0.0
2 25 10 8 1 = 0.0
3 25 83531.000000 = -4300175.879999995
4 3767377191 25 915783 = -74385.0
4 7763511318 25 915783 = -44631.0
4 4855286893 25 915783 = -44631.0
4 3545977361 25 915783 = -44631.0
4 4077218901 25 915783 = -44631.0
4 1960297893 25 915783 = -44631.0
4 8778385061 25 915783 = -44631.0
4 2674794183 25 915783 = -44631.0
4 2055047618 25 915783 = -44631.0
1 564738 25 = -383684.0596241057
5 3767377191 25 564738 = 3574842.146361828
5 7763511318 25 564738 = 40038.23203924298
5 4855286893 25 564738 = 42040.14364120364
5 3545977361 25 564738 = 46043.96684515476
5 4077218901 25 564738 = 46043.96684515476
5 1960297893 25 564738 = 42040.14364120364
5 8778385061 25 564738 = 44042.0552431643
5 2674794183 25 564738 = 44042.0552431643
5 2055047618 25 564738 = 42040.14364120364
0 183551 2 = 0.0
2 26 11 4 3 = 0.0
3 26 55676.000000 = -3288781.319999993
4 5906266133 26 183551 = -74385.0
4 9048362367 26 183551 = -74385.0
4 7216839422 26 183551 = -74385.0
4 7780062096 26 183551 = -44631.0
4 7743220381 26 183551 = -44631.0
4 9244606558 26 183551 = -44631.0
4 8547113489 26 183551 = -44631.0
1 932483 26 = -311133.1239826977
5 5906266133 26 932483 = 4119987.6495599747
5 9048362367 26 932483 = 4119987.6495599747
5 7216839422 26 932483 = 644549.1789534092
5 7780062096 26 932483 = 32300.703172564507
5 7743220381 26 932483 = 35376.96061754227
5 9244606558 26 932483 = 32300.703172564507
5 8547113489 26 932483 = 38453.21806257963
0 763215 2 = 0.0
2 27 4 3 2 = 0.0
3 27 87211.000000 = -6120467.979999989
4 9251702301 27 763215 = -74385.0
4 6795525565 27 763215 = -74385.0
4 7882999725 27 763215 = -44631.0
4 2948116859 27 763215 = -44631.0
4 2474162927 27 763215 = -44631.0
1 382967 27 = -436132.69417509437
5 9251702301 27 382967 = 4515020.583708584
5 6795525565 27 382967 = 809091.6886005998
5 7882999725 27 382967 = 54613.68898051977
5 2948116859 27 382967 = 58659.14742356539
5 2474162927 27 382967 = 46522.77209454775
0 383428 2 = 0.0
2 28 10 2 3 = 0.0
3 28 108053.000000 = -9960325.539999992
4 9015016383 28 383428 = -74385.0
4 8329058808 28 383428 = -74385.0
4 6566648433 28 383428 = -74385.0
4 3997977634 28 383428 = -44631.0
4 1288135123 28 383428 = -44631.0
1 280028 28 = -490893.4891208112
5 9015016383 28 280028 = 8316297.936071873
5 8329058808 28 280028 = 7938284.393523157
5 6566648433 28 280028 = 1774143.5596953034
5 3997977634 28 280028 = 93142.53688400984
5 1288135123 28 280028 = 93142.53688400984
0 564738 2 = 0.0
2 29 9 2 3 = 0.0
3 29 85681.000000 = -5287374.50999999
4 7491713062 29 564738 = -74385.0
4 3571302085 29 564738 = -74385.0
4 6695224711 29 564738 = -74385.0
4 8512947064 29 564738 = -44631.0
4 5356079678 29 564738 = -44631.0
1 183551 29 = -439125.6614241004
5 7491713062 29 183551 = 3102705.422685206
5 3571302085 29 183551 = 575574.3392807245
5 6695224711 29 183551 = 633131.773208797
5 8512947064 29 183551 = 30217.652812242508
5 5356079678 29 183551 = 33239.41809344292
0 106267 3 = 0.0
2 30 0 2 3 = 0.0
3 30 7831.000000 = -726168.6299999952
4 1111629417 30 106267 = -284850.0
4 7861390055 30 106267 = -284850.0
4 7584901094 30 106267 = -284850.0
4 2337413579 30 106267 = -170910.0
4 9133260245 30 106267 = -170910.0
1 382967 30 = -489775.4029816687
5 1111629417 30 382967 = 2957602.998895049
5 7861390055 30 382967 = 4225147.141278684
5 7584901094 30 382967 = 2957602.998895049
5 2337413579 30 382967 = 207032.20992267132
5 9133260245 30 382967 = 147880.14994478226
0 968754 3 = 0.0
2 31 0 2 3 = 0.0
3 31 7632.000000 = -589343.0399999917
4 2407668678 31 968754 = -284850.0
4 2044323602 31 968754 = -284850.0
4 3287622405 31 968754 = -284850.0
4 5453851678 31 968754 = -170910.0
4 3669308134 31 968754 = -170910.0
1 448718 31 = -554548.5312670171
5 2407668678 31 448718 = 5247303.474558353
5 2044323602 31 448718 = 5509668.648286283
5 3287622405 31 448718 = 7870955.21183753
5 5453851678 31 448718 = 808084.7350819707
5 3669308134 31 448718 = 344354.2905178666
0 271170 2 = 0.0
2 32 8 7 1 = 0.0
3 32 79361.000000 = -4687854.270000011
4 1865558064 32 271170 = -74385.0
4 9969796686 32 271170 = -44631.0
4 1230374437 32 271170 = -44631.0
4 1857619772 32 271170 = -44631.0
4 4413567638 32 271170 = -44631.0
4 6009363331 32 271170 = -44631.0
4 2660188979 32 271170 = -44631.0
4 8230251344 32 271170 = -44631.0
1 201287 32 = -469405.7998714447
5 1865558064 32 201287 = 988504.2503358722
5 9969796686 32 201287 = 51896.4731426239
5 1230374437 32 201287 = 74137.818775177
5 1857619772 32 201287 = 54367.733768463135
5 4413567638 32 201287 = 49425.21251678467
5 6009363331 32 201287 = 64252.77627182007
5 2660188979 32 201287 = 54367.733768463135
5 8230251344 32 201287 = 51896.4731426239
0 727076 2 = 0.0
2 33 6 1 3 = 0.0
3 33 79125.000000 = -8033561.25
4 7244208862 33 727076 = -74385.0
4 7253350752 33 727076 = -74385.0
4 4459318296 33 727076 = -74385.0
4 3010843300 33 727076 = -44631.0
1 448718 33 = -472585.14105695486
5 7244208862 33 448718 = 1.4554618832960427E7
5 7253350752 33 448718 = 2963849.65325737
5 4459318296 33 448718 = 3669528.142128229
5 3010843300 33 448718 = 155602.10679602623
0 382967 2 = 0.0
2 34 6 4 2 = 0.0
3 34 62804.000000 = -4455943.800000012
4 6756138055 34 382967 = -74385.0
4 1738367030 34 382967 = -74385.0
4 7596853955 34 382967 = -44631.0
4 9419549481 34 382967 = -44631.0
4 4599536212 34 382967 = -44631.0
4 2413156498 34 382967 = -44631.0
1 932483 34 = -511865.51693212986
5 6756138055 34 932483 = 843496.3295467496
5 1738367030 34 932483 = 913787.6903423071
5 7596853955 34 932483 = 40593.260859429836
5 9419549481 34 932483 = 40593.260859429836
5 4599536212 34 932483 = 40593.260859429836
5 2413156498 34 932483 = 40593.260859429836
0 801509 3 = 0.0
2 35 0 2 3 = 0.0
3 35 6678.000000 = -304850.6999999881
4 9491533998 35 801509 = -284850.0
4 5859937798 35 801509 = -284850.0
4 9934818309 35 801509 = -284850.0
4 8528065097 35 801509 = -170910.0
4 6082586836 35 801509 = -170910.0
1 479460 35 = -451690.48786741495
5 9491533998 35 479460 = 6598975.855594575
5 5859937798 35 479460 = 6284738.910090089
5 9934818309 35 479460 = 1541855.9459421039
5 8528065097 35 479460 = 80947.43716198206
5 6082586836 35 479460 = 84466.89095163345
0 560843 2 = 0.0
2 36 8 1 3 = 0.0
3 36 104176.000000 = -9156028.640000015
4 2064950630 36 560843 = -74385.0
4 5790188492 36 560843 = -74385.0
4 7306177754 36 560843 = -74385.0
4 6581739653 36 560843 = -44631.0
1 271170 36 = -460662.4142507911
5 2064950630 36 271170 = 1170891.899646163
5 5790188492 36 271170 = 990754.6843159795
5 7306177754 36 271170 = 1035788.9881485105
5 6581739653 36 271170 = 47286.01902419329
0 230898 2 = 0.0
2 37 9 1 4 = 0.0
3 37 45545.000000 = -3311576.949999988
4 2635307783 37 230898 = -74385.0
4 9915544559 37 230898 = -74385.0
4 9892730399 37 230898 = -74385.0
4 6661777662 37 230898 = -74385.0
4 2295334138 37 230898 = -44631.0
1 936927 37 = -414743.7682226896
5 2635307783 37 936927 = 548163.7991523743
5 9915544559 37 936927 = 526237.2471863031
5 9892730399 37 936927 = 438531.0393218994
5 6661777662 37 936927 = 526237.2471863031
5 2295334138 37 936927 = 24174.023542642593
0 936927 2 = 0.0
2 38 6 3 2 = 0.0
3 38 100543.000000 = -5905895.819999993
4 4889094678 38 936927 = -74385.0
4 2452256013 38 936927 = -74385.0
4 1605062512 38 936927 = -44631.0
4 5235965293 38 936927 = -44631.0
4 9994437092 38 936927 = -44631.0
1 297465 38 = -447461.4363128543
5 4889094678 38 297465 = 730221.4708750248
5 2452256013 38 297465 = 764993.9218690395
5 1605062512 38 297465 = 36511.0735437274
5 5235965293 38 297465 = 36511.0735437274
5 9994437092 38 297465 = 40162.18089812994
0 230898 2 = 0.0
2 39 8 2 3 = 0.0
3 39 55581.000000 = -4041294.5099999905
4 8803364856 39 230898 = -74385.0
4 2604510551 39 230898 = -74385.0
4 1854987878 39 230898 = -74385.0
4 1196656092 39 230898 = -44631.0
4 1553768289 39 230898 = -44631.0
1 727076 39 = -420337.5097473264
5 8803364856 39 727076 = 8116190.225393951
5 2604510551 39 727076 = 1505612.0997832417
5 1854987878 39 727076 = 2258418.149674833
5 1196656092 39 727076 = 79044.63523864746
5 1553768289 39 727076 = 82996.86700057983
0 183551 2 = 0.0
2 40 3 3 2 = 0.0
3 40 55162.000000 = -3258419.3400000036
4 9112868717 40 183551 = -74385.0
4 5251655447 40 183551 = -74385.0
4 3419600892 40 183551 = -44631.0
4 2842548260 40 183551 = -44631.0
4 5824790209 40 183551 = -44631.0
1 600058 40 = -402090.75552371144
5 9112868717 40 600058 = 2050929.1286900043
5 5251655447 40 600058 = 479201.2186399698
5 3419600892 40 600058 = 21876.577372670174
5 2842548260 40 600058 = 22970.406241357327
5 5824790209 40 600058 = 25158.063978612423
0 560843 3 = 0.0
2 41 2 4 2 = 0.0
3 41 9644.000000 = -847611.1599999964
4 8611945491 41 560843 = -284850.0
4 1377976380 41 560843 = -284850.0
4 5478677135 41 560843 = -170910.0
4 3130867889 41 560843 = -170910.0
4 2108934018 41 560843 = -170910.0
4 2139597823 41 560843 = -170910.0
1 383428 41 = -545671.6050958335
5 8611945491 41 383428 = 2.8677932445600033E7
5 1377976380 41 383428 = 6117958.921728015
5 5478677135 41 383428 = 291993.4939915538
5 3130867889 41 383428 = 437990.2409873605
5 2108934018 41 383428 = 306593.1686911583
5 2139597823 41 383428 = 306593.1686911583
0 656705 2 = 0.0
2 42 3 3 2 = 0.0
3 42 54262.000000 = -5151091.659999996
4 3666466522 42 656705 = -74385.0
4 7275939073 42 656705 = -74385.0
4 7724774454 42 656705 = -44631.0
4 6513776628 42 656705 = -44631.0
4 2362288504 42 656705 = -44631.0
1 915783 42 = -585368.5134339333
5 3666466522 42 915783 = 1720137.990385592
5 7275939073 42 915783 = 1389342.223003745
5 7724774454 42 915783 = 76413.82226520777
5 6513776628 42 915783 = 69467.11115020514
5 2362288504 42 915783 = 69467.11115020514
0 915783 2 = 0.0
2 43 4 3 2 = 0.0
3 43 58361.000000 = -3004424.280000001
4 5853085186 43 915783 = -74385.0
4 9743526463 43 915783 = -74385.0
4 6723539510 43 915783 = -44631.0
4 3955223098 43 915783 = -44631.0
4 7519353757 43 915783 = -44631.0
1 801509 43 = -480601.5771664083
5 5853085186 43 801509 = 4646513.423174262
5 9743526463 43 801509 = 786168.7079209685
5 6723539510 43 801509 = 48451.91928166151
5 3955223098 43 801509 = 41273.85716587305
5 7519353757 43 801509 = 39479.34163689613
0 915783 3 = 0.0
2 44 0 2 3 = 0.0
3 44 5671.000000 = -291943.0800000131
4 8136676835 44 915783 = -284850.0
4 4357337246 44 915783 = -284850.0
4 6241163647 44 915783 = -284850.0
4 6221332538 44 915783 = -170910.0
4 9127308631 44 915783 = -170910.0
1 285433 44 = -542904.1141215265
5 8136676835 44 285433 = 6171885.656247377
5 4357337246 44 285433 = 6171885.656247377
5 6241163647 44 285433 = 1567463.023808837
5 6221332538 44 285433 = 65833.4469999671
5 9127308631 44 285433 = 88875.1534499526
0 876573 2 = 0.0
2 45 6 1 3 = 0.0
3 45 56744.000000 = -4806216.800000012
4 7144646042 45 876573 = -74385.0
4 8103724090 45 876573 = -74385.0
4 5738787175 45 876573 = -74385.0
4 3273573838 45 876573 = -44631.0
1 271170 45 = -523004.9480818212
5 7144646042 45 271170 = 836059.4884417057
5 8103724090 45 271170 = 798056.7844216228
5 5738787175 45 271170 = 836059.4884417057
5 3273573838 45 271170 = 41897.98118215799
0 106267 2 = 0.0
2 46 8 4 2 = 0.0
3 46 62889.000000 = -5831696.969999999
4 6198229449 46 106267 = -74385.0
4 6322074043 46 106267 = -74385.0
4 5109573087 46 106267 = -44631.0
4 9633277777 46 106267 = -44631.0
4 4442612146 46 106267 = -44631.0
4 1281851324 46 106267 = -44631.0
1 246228 46 = -538213.5113339424
5 6198229449 46 246228 = 1617479.6487979293
5 6322074043 46 246228 = 1476829.2445545793
5 5109573087 46 246228 = 73841.46222770214
5 9633277777 46 246228 = 77533.53533911705
5 4442612146 46 246228 = 77533.53533911705
5 1281851324 46 246228 = 73841.46222770214
0 936927 2 = 0.0
2 47 6 2 3 = 0.0
3 47 45522.000000 = -2673962.280000001
4 3082664858 47 936927 = -74385.0
4 1843978587 47 936927 = -74385.0
4 4549548241 47 936927 = -74385.0
4 4055525302 47 936927 = -44631.0
4 2977455786 47 936927 = -44631.0
1 230898 47 = -485152.6856124699
5 3082664858 47 230898 = 3117681.607679069
5 1843978587 47 230898 = 537200.5231693387
5 4549548241 47 230898 = 562781.5004631281
5 4055525302 47 230898 = 28203.02746641636
5 2977455786 47 230898 = 26860.026158452034
0 625338 2 = 0.0
2 48 6 3 2 = 0.0
3 48 72558.000000 = -6217495.020000011
4 2183228599 48 625338 = -74385.0
4 4224314893 48 625338 = -74385.0
4 6037476782 48 625338 = -44631.0
4 3902045230 48 625338 = -44631.0
4 5258548901 48 625338 = -44631.0
1 113167 48 = -525213.5632070601
5 2183228599 48 113167 = 1544589.6699947715
5 4224314893 48 113167 = 1618141.5590421557
5 6037476782 48 113167 = 84952.4318497181
5 3902045230 48 113167 = 84952.4318497181
5 5258548901 48 113167 = 81090.95767474174
0 189313 3 = 0.0
2 49 2 4 2 = 0.0
3 49 7895.000000 = -429014.3000000119
4 9105408147 49 189313 = -284850.0
4 2346265239 49 189313 = -284850.0
4 6389417987 49 189313 = -170910.0
4 5930626954 49 189313 = -170910.0
4 3483707031 49 189313 = -170910.0
4 1345456067 49 189313 = -170910.0
1 285433 49 = -540628.5646933913
5 9105408147 49 285433 = 1296759.136041224
5 2346265239 49 285433 = 1358509.5710908175
5 6389417987 49 285433 = 71321.75248229504
5 5930626954 49 285433 = 97256.93520307541
5 3483707031 49 285433 = 68079.85464215279
5 1345456067 49 285433 = 71321.75248229504
0 936927 3 = 0.0
2 50 0 2 3 = 0.0
3 50 5458.000000 = -320602.9199999869
4 3893435047 50 936927 = -284850.0
4 8032528036 50 936927 = -284850.0
4 9233075526 50 936927 = -284850.0
4 5732246156 50 936927 = -170910.0
4 7833582016 50 936927 = -170910.0
1 560843 50 = -540935.9983175695
5 3893435047 50 560843 = 8590301.533799589
5 8032528036 50 560843 = 2138030.603967905
5 9233075526 50 560843 = 1603522.9529759288
5 5732246156 50 560843 = 80176.14764881134
5 7833582016 50 560843 = 84184.95503121614
0 915783 2 = 0.0
2 51 4 5 1 = 0.0
3 51 71115.000000 = -3661000.200000018
4 1545090573 51 915783 = -74385.0
4 7724274277 51 915783 = -44631.0
4 6802860350 51 915783 = -44631.0
4 1778585672 51 915783 = -44631.0
4 7449113871 51 915783 = -44631.0
4 9513200284 51 915783 = -44631.0
1 106267 51 = -541036.843888402
5 1545090573 51 106267 = 1810094.4004595876
5 7724274277 51 106267 = 112308.12984669209
5 6802860350 51 106267 = 90710.41256850958
5 1778585672 51 106267 = 90710.41256850958
5 7449113871 51 106267 = 90710.41256850958
5 9513200284 51 106267 = 90710.41256850958
0 382967 2 = 0.0
2 52 4 1 3 = 0.0
3 52 46525.000000 = -3300948.75
4 8939558625 52 382967 = -74385.0
4 2686902688 52 382967 = -74385.0
4 6110518267 52 382967 = -74385.0
4 9579525918 52 382967 = -44631.0
1 600058 52 = -570103.9578160644
5 8939558625 52 600058 = 470029.22149932384
5 2686902688 52 600058 = 447646.87761837244
5 6110518267 52 600058 = 559558.5970230103
5 9579525918 52 600058 = 34077.11855870485
0 297465 3 = 0.0
2 53 3 1 3 = 0.0
0 976533 2 = 0.0
2 54 10 4 2 = 0.0
3 54 82478.000000 = -6777217.25999999
4 3754349336 54 976533 = -74385.0
4 9019927595 54 976533 = -74385.0
4 3694770809 54 976533 = -44631.0
4 6313741054 54 976533 = -44631.0
4 1205173431 54 976533 = -44631.0
4 7163608903 54 976533 = -44631.0
1 801509 54 = -592777.6710606217
5 3754349336 54 801509 = 7128691.84622097
5 9019927595 54 801509 = 7841561.0308430195
5 3694770809 54 801509 = 99801.6858471036
5 6313741054 54 801509 = 83833.41611152887
5 1205173431 54 801509 = 115769.95558261871
5 7163608903 54 801509 = 83833.41611152887
0 976533 3 = 0.0
2 55 2 4 2 = 0.0
3 55 7190.000000 = -590802.3000000119
4 4874327096 55 976533 = -284850.0
4 5795933577 55 976533 = -284850.0
4 6748517959 55 976533 = -170910.0
4 6196520903 55 976533 = -170910.0
4 9798719665 55 976533 = -170910.0
4 8060068699 55 976533 = -170910.0
1 271170 55 = -663941.9269798398
5 4874327096 55 271170 = 1698676.9301181436
5 5795933577 55 271170 = 1621464.3423855305
5 6748517959 55 271170 = 85126.87797522545
5 6196520903 55 271170 = 89180.53883117437
5 9798719665 55 271170 = 81073.21711927652
5 8060068699 55 271170 = 97287.86054313183
0 876573 3 = 0.0
2 56 3 1 3 = 0.0
3 56 9650.000000 = -817355.0
4 4744589533 56 876573 = -284850.0
4 9180661081 56 876573 = -284850.0
4 8324049046 56 876573 = -284850.0
4 6343682552 56 876573 = -170910.0
1 282772 56 = -696430.2274968624
5 4744589533 56 282772 = 8349206.767124176
5 9180661081 56 282772 = 5566137.844749451
5 8324049046 56 282772 = 5566137.844749451
5 6343682552 56 282772 = 321444.4605342746
0 183551 3 = 0.0
2 57 3 1 3 = 0.0
3 57 9636.000000 = -569198.5199999809
4 9382404350 57 183551 = -284850.0
4 3754151309 57 183551 = -284850.0
4 1387538650 57 183551 = -284850.0
4 1774177567 57 183551 = -170910.0
1 189313 57 = -560857.7676224709
5 9382404350 57 189313 = 4344027.399775445
5 3754151309 57 189313 = 973062.1375496984
5 1387538650 57 189313 = 1112071.0143425465
5 1774177567 57 189313 = 53518.417565226555
0 697506 3 = 0.0
2 58 2 4 2 = 0.0
3 58 6669.000000 = -344787.3000000119
4 1242073134 58 697506 = -284850.0
4 5286229800 58 697506 = -284850.0
4 7139605263 58 697506 = -170910.0
4 1204793674 58 697506 = -170910.0
4 9449345525 58 697506 = -170910.0
4 8956923650 58 697506 = -170910.0
1 230898 58 = -589160.8293941021
5 1242073134 58 230898 = 1172321.3324255943
5 5286229800 58 230898 = 1230937.399046898
5 7139605263 58 230898 = 64624.21344995499
5 1204793674 58 230898 = 64624.21344995499
5 9449345525 58 230898 = 64624.21344995499
5 8956923650 58 230898 = 64624.21344995499
0 876573 2 = 0.0
2 59 5 2 2 = 0.0
3 59 86808.000000 = -7352637.600000024
4 4728997830 59 876573 = -74385.0
4 6591082093 59 876573 = -74385.0
4 9185249244 59 876573 = -44631.0
4 2747131041 59 876573 = -44631.0
1 285433 59 = -703606.4145620465
5 4728997830 59 285433 = 1616506.1096377969
5 6591082093 59 285433 = 1924412.0352830887
5 9185249244 59 285433 = 80825.3054819107
5 2747131041 59 285433 = 117196.6929487586
0 450432 2 = 0.0
2 60 4 2 2 = 0.0
3 60 69204.000000 = -7589602.680000007
4 8877892658 60 450432 = -74385.0
4 8533028834 60 450432 = -74385.0
4 2290693662 60 450432 = -44631.0
4 2140096312 60 450432 = -44631.0
1 285433 60 = -655676.5165150762
5 8877892658 60 285433 = 7483071.8608490825
5 8533028834 60 285433 = 7142932.230810404
5 2290693662 60 285433 = 80000.84098505974
5 2140096312 60 285433 = 83810.40484154224
0 610747 2 = 0.0
2 61 4 4 1 = 0.0
3 61 110954.000000 = -7982030.75999999
4 4353095380 61 610747 = -74385.0
4 2875163445 61 610747 = -44631.0
4 2302745907 61 610747 = -44631.0
4 4693261255 61 610747 = -44631.0
4 4071127253 61 610747 = -44631.0
1 932483 61 = -668519.1913897395
5 4353095380 61 932483 = 972763.9051817656
5 2875163445 61 932483 = 46814.26293683052
5 2302745907 61 932483 = 44686.34189426899
5 4693261255 61 932483 = 44686.34189426899
5 4071127253 61 932483 = 46814.26293683052
0 936927 2 = 0.0
2 62 9 3 2 = 0.0
3 62 102401.000000 = -6015034.74000001
4 4501498075 62 936927 = -74385.0
4 8058323244 62 936927 = -74385.0
4 3063353980 62 936927 = -44631.0
4 2622917048 62 936927 = -44631.0
4 7978954914 62 936927 = -44631.0
1 625338 62 = -646866.8189535141
5 4501498075 62 625338 = 4908397.859773517
5 8058323244 62 625338 = 1495892.6810737848
5 3063353980 62 625338 = 57591.86822128296
5 2622917048 62 625338 = 68063.11698889732
5 7978954914 62 625338 = 60209.680413246155
0 968754 2 = 0.0
2 63 11 2 3 = 0.0
3 63 52911.000000 = -4085787.4200000167
4 5075141694 63 968754 = -74385.0
4 1375682327 63 968754 = -74385.0
4 2950908134 63 968754 = -74385.0
4 5126437264 63 968754 = -44631.0
4 4152693851 63 968754 = -44631.0
1 975567 63 = -610452.6354462504
5 5075141694 63 975567 = 6732396.925728202
5 1375682327 63 975567 = 1370960.8285119534
5 2950908134 63 975567 = 1305676.979535222
5 5126437264 63 975567 = 82257.64971077442
5 4152693851 63 975567 = 68548.04142558575
0 656705 2 = 0.0
2 64 1 3 1 = 0.0
3 64 84792.000000 = -8049304.560000002
4 3972293524 64 656705 = -74385.0
4 1294906860 64 656705 = -44631.0
4 8706392956 64 656705 = -44631.0
4 8406457021 64 656705 = -44631.0
1 246228 64 = -859301.3699675202
5 3972293524 64 246228 = 1760899.2159801722
5 1294906860 64 246228 = 88427.76497638226
5 8706392956 64 246228 = 88427.76497638226
5 8406457021 64 246228 = 84408.32111382484
0 625338 3 = 0.0
2 65 0 2 3 = 0.0
3 65 4622.000000 = -396059.18000000715
4 5021268940 65 625338 = -284850.0
4 5592494112 65 625338 = -284850.0
4 4243773766 65 625338 = -284850.0
4 6067815886 65 625338 = -170910.0
4 6329149367 65 625338 = -170910.0
1 106267 65 = -701536.1396917701
5 5021268940 65 106267 = 4386200.054237008
5 5592494112 65 106267 = 5183690.973189235
5 4243773766 65 106267 = 3987454.594760895
5 6067815886 65 106267 = 219808.43453621864
5 6329149367 65 106267 = 230275.5028474331
0 876573 3 = 0.0
2 66 0 2 3 = 0.0
3 66 4622.000000 = -391483.39999997616
4 1693365907 66 876573 = -284850.0
4 5394454047 66 876573 = -284850.0
4 1829881590 66 876573 = -284850.0
4 2779976601 66 876573 = -170910.0
4 3799974725 66 876573 = -170910.0
1 106267 66 = -743904.7352909446
5 1693365907 66 106267 = 4576646.379540801
5 5394454047 66 106267 = 3979692.5039485693
5 1829881590 66 106267 = 4178677.12914598
5 2779976601 66 106267 = 219380.54928016663
5 3799974725 66 106267 = 250720.6277487278
0 280028 2 = 0.0
2 67 2 1 2 = 0.0
3 67 64513.000000 = -4130122.2599999905
4 7839581944 67 280028 = -74385.0
4 7154861963 67 280028 = -74385.0
4 8283503135 67 280028 = -44631.0
1 479460 67 = -728306.5834476948
5 7839581944 67 479460 = 709797.8578988314
5 7154861963 67 479460 = 745287.7507936954
5 8283503135 67 479460 = 39127.60691666603
246309290.563250 = 0.0
