0 941645 2 = 0.0
2 0 12 6 6 = 0.0
3 0 67405.000000 = -3677616.8000000003
4 6939064749 0 941645 = -73872.0
4 8154162325 0 941645 = -73872.0
4 1021301942 0 941645 = -73872.0
4 9876982086 0 941645 = -73872.0
4 5105466812 0 941645 = -73872.0
4 3616578735 0 941645 = -73872.0
4 5775195354 0 941645 = -44323.200000000186
4 8985957088 0 941645 = -44323.19999999972
4 6979931537 0 941645 = -44323.200000000186
4 7907612308 0 941645 = -44323.200000000186
4 5089805974 0 941645 = -44323.200000000186
4 7902150721 0 941645 = -44323.200000000186
1 833376 0 = -165752.67419034336
5 6939064749 0 833376 = 7963321.116888749
5 8154162325 0 833376 = 8721732.651830532
5 1021301942 0 833376 = 1698841.8382695988
5 9876982086 0 833376 = 1698841.8382695988
5 5105466812 0 833376 = 1698841.838269597
5 3616578735 0 833376 = 1617944.607875809
5 5775195354 0 833376 = 89189.19650915265
5 8985957088 0 833376 = 118918.9286788702
5 6979931537 0 833376 = 84942.09191348404
5 7907612308 0 833376 = 89189.19650915265
5 5089805974 0 833376 = 89189.19650915265
5 7902150721 0 833376 = 106177.61489184946
0 501644 2 = 0.0
2 1 16 9 4 = 0.0
3 1 100676.000000 = -7674531.480000002
4 4105808309 1 501644 = -73872.0
4 6488358802 1 501644 = -73872.0
4 7025497992 1 501644 = -73872.0
4 3836983007 1 501644 = -73872.0
4 4056822091 1 501644 = -44323.199999999255
4 2229281230 1 501644 = -44323.199999999255
4 6522360307 1 501644 = -44323.199999999255
4 4628779693 1 501644 = -44323.199999999255
4 8141017319 1 501644 = -44323.199999999255
4 5902829929 1 501644 = -44323.199999999255
4 2488409742 1 501644 = -44323.199999999255
4 2602725502 1 501644 = -44323.199999999255
4 2341652564 1 501644 = -44323.199999999255
1 473462 1 = -178054.4366538655
5 4105808309 1 473462 = 938868.2375574224
5 6488358802 1 473462 = 1028284.2601819374
5 7025497992 1 473462 = 1251824.3167432286
5 3836983007 1 473462 = 938868.2375574224
5 4056822091 1 473462 = 58679.2648473382
5 2229281230 1 473462 = 49290.58247176558
5 6522360307 1 473462 = 49290.58247176558
5 4628779693 1 473462 = 49290.58247176558
5 8141017319 1 473462 = 51637.75306565687
5 5902829929 1 473462 = 46943.41187787056
5 2488409742 1 473462 = 51637.75306565687
5 2602725502 1 473462 = 49290.58247176558
5 2341652564 1 473462 = 51637.75306565687
0 473462 2 = 0.0
2 2 11 2 5 = 0.0
3 2 100577.000000 = -5620242.760000002
4 4845532157 2 473462 = -73872.0
4 5610103382 2 473462 = -73872.0
4 7988680005 2 473462 = -73872.0
4 1024800261 2 473462 = -73872.0
4 2128515583 2 473462 = -73872.0
4 4210331512 2 473462 = -44323.199999999255
4 3310608942 2 473462 = -44323.199999999255
1 501644 2 = -190015.58448110148
5 4845532157 2 501644 = 5588501.414032269
5 5610103382 2 501644 = 1142538.0668688193
5 7988680005 2 501644 = 1092862.4987440854
5 1024800261 2 501644 = 1092862.4987440854
5 2128515583 2 501644 = 993511.3624946252
5 4210331512 2 501644 = 52159.34653096646
5 3310608942 2 501644 = 54767.31385751814
0 205347 2 = 0.0
2 3 9 8 2 = 0.0
3 3 91940.000000 = -5764638.0
4 3786175609 3 205347 = -73872.0
4 2942238591 3 205347 = -73872.0
4 5156206447 3 205347 = -44323.199999999255
4 3558278392 3 205347 = -44323.199999999255
4 2284138781 3 205347 = -44323.199999999255
4 4861138979 3 205347 = -44323.199999999255
4 1976693672 3 205347 = -44323.199999999255
4 1390355477 3 205347 = -44323.199999999255
4 7548029690 3 205347 = -44323.199999999255
4 4817361984 3 205347 = -44323.199999999255
1 833376 3 = -211199.04033549875
5 3786175609 3 833376 = 8223239.456323825
5 2942238591 3 833376 = 2192863.8550196886
5 5156206447 3 833376 = 96705.29600636661
5 3558278392 3 833376 = 128940.39467515796
5 2284138781 3 833376 = 110520.3382929936
5 4861138979 3 833376 = 96705.29600636661
5 1976693672 3 833376 = 138150.42286624014
5 1390355477 3 833376 = 96705.29600636661
5 7548029690 3 833376 = 128940.39467515796
5 4817361984 3 833376 = 101310.31010191143
0 473462 2 = 0.0
2 4 10 6 3 = 0.0
3 4 73543.000000 = -4109582.84
4 1573635799 4 473462 = -73872.0
4 4362954984 4 473462 = -73872.0
4 1112529368 4 473462 = -73872.0
4 4427217906 4 473462 = -44323.199999999255
4 3529863028 4 473462 = -44323.199999999255
4 7514860147 4 473462 = -44323.199999999255
4 3223009701 4 473462 = -44323.199999999255
4 8236773596 4 473462 = -44323.199999999255
4 8497074567 4 473462 = -44323.199999999255
1 276046 4 = -193863.47496726736
5 1573635799 4 276046 = 4087193.4282209277
5 4362954984 4 276046 = 678171.3540159166
5 1112529368 4 276046 = 678171.3540159166
5 4427217906 4 276046 = 33908.56770079583
5 3529863028 4 276046 = 33908.56770079583
5 7514860147 4 276046 = 35603.99608583748
5 3223009701 4 276046 = 37299.42447087914
5 8236773596 4 276046 = 37299.42447087914
5 8497074567 4 276046 = 44081.1380110383
0 205347 2 = 0.0
2 5 12 7 3 = 0.0
3 5 65635.000000 = -4115314.5
4 1447604515 5 205347 = -73872.0
4 1316667788 5 205347 = -73872.0
4 8871559598 5 205347 = -73872.0
4 5716055231 5 205347 = -44323.20000000298
4 8051574755 5 205347 = -44323.20000000298
4 9066843143 5 205347 = -44323.20000000298
4 7449057918 5 205347 = -44323.20000000298
4 3324438462 5 205347 = -44323.20000000298
4 7851175317 5 205347 = -44323.20000000298
4 2784602931 5 205347 = -44323.20000000298
1 612570 5 = -203698.82894793898
5 1447604515 5 612570 = 8275204.404763132
5 1316667788 5 612570 = 7899058.75000117
5 8871559598 5 612570 = 2006110.1587304622
5 5716055231 5 612570 = 101107.95200002193
5 8051574755 5 612570 = 109533.61466668546
5 9066843143 5 612570 = 96895.12066668272
5 7449057918 5 612570 = 88469.45800001919
5 3324438462 5 612570 = 88469.45800001919
5 7851175317 5 612570 = 117959.27733334899
5 2784602931 5 612570 = 105320.78333334625
0 612570 2 = 0.0
2 6 14 1 5 = 0.0
3 6 110705.000000 = -8499929.899999999
4 2441467302 6 612570 = -73872.0
4 2414427026 6 612570 = -73872.0
4 6959664009 6 612570 = -73872.0
4 5728383985 6 612570 = -73872.0
4 7656870640 6 612570 = -73872.0
4 4204966386 6 612570 = -44323.20000000298
1 735495 6 = -392985.39346637577
5 2441467302 6 735495 = 4272823.192539364
5 2414427026 6 735495 = 4486464.352166325
5 6959664009 6 735495 = 957112.3951288164
5 5728383985 6 735495 = 1002689.1758492291
5 7656870640 6 735495 = 1276149.8601717502
5 4204966386 6 735495 = 57426.743707731366
0 501644 2 = 0.0
2 7 8 6 3 = 0.0
3 7 58898.000000 = -4489794.539999999
4 2374023428 7 501644 = -73872.0
4 6227643311 7 501644 = -73872.0
4 1897758731 7 501644 = -73872.0
4 5043423367 7 501644 = -44323.20000000298
4 6619927145 7 501644 = -44323.20000000298
4 9632189309 7 501644 = -44323.20000000298
4 8431883310 7 501644 = -44323.20000000298
4 6332561014 7 501644 = -44323.20000000298
4 4865410464 7 501644 = -44323.20000000298
1 522367 7 = -224565.68270023167
5 2374023428 7 522367 = 8679710.403356045
5 6227643311 7 522367 = 7072356.624956772
5 1897758731 7 522367 = 1440188.9854457378
5 5043423367 7 522367 = 104413.70144481957
5 6619927145 7 522367 = 93612.2840539664
5 9632189309 7 522367 = 75609.92173589766
5 8431883310 7 522367 = 75609.92173589766
5 6332561014 7 522367 = 97212.75651758909
5 4865410464 7 522367 = 79210.39419952035
0 141542 2 = 0.0
2 8 12 4 4 = 0.0
3 8 68037.000000 = -4714964.1000000015
4 3164944288 8 141542 = -73872.0
4 9009891338 8 141542 = -73872.0
4 2900580189 8 141542 = -73872.0
4 2114778592 8 141542 = -73872.0
4 8542019755 8 141542 = -44323.20000000298
4 5076662077 8 141542 = -44323.20000000298
4 9564571773 8 141542 = -44323.20000000298
4 4044451555 8 141542 = -44323.20000000298
1 473462 8 = -216290.90502988547
5 3164944288 8 473462 = 2663651.5233056694
5 9009891338 8 473462 = 595304.9753673673
5 2900580189 8 473462 = 595304.9753673673
5 2114778592 8 473462 = 568245.6583052129
5 8542019755 8 473462 = 31253.511206790805
5 5076662077 8 473462 = 29832.897061020136
5 9564571773 8 473462 = 31253.511206790805
5 4044451555 8 473462 = 29832.897061020136
0 473462 2 = 0.0
2 9 11 2 5 = 0.0
3 9 53814.000000 = -3007126.3200000003
4 1678465229 9 473462 = -73872.0
4 4188634894 9 473462 = -73872.0
4 8741144128 9 473462 = -73872.0
4 1507544449 9 473462 = -73872.0
4 8570464477 9 473462 = -73872.0
4 7671042294 9 473462 = -44323.20000000298
4 8188647102 9 473462 = -44323.20000000298
1 319530 9 = -223699.1751910448
5 1678465229 9 319530 = 2314319.5421420336
5 4188634894 9 319530 = 2121459.580296859
5 8741144128 9 319530 = 2314319.5421420336
5 1507544449 9 319530 = 432006.31453317404
5 8570464477 9 319530 = 432006.31453317404
5 7671042294 9 319530 = 22680.331512987614
5 8188647102 9 319530 = 23760.347299322486
0 735495 2 = 0.0
2 10 12 1 5 = 0.0
3 10 73848.000000 = -3687969.1199999973
4 1152621577 10 735495 = -73872.0
4 4654913843 10 735495 = -73872.0
4 5006935821 10 735495 = -73872.0
4 3333757803 10 735495 = -73872.0
4 1875835932 10 735495 = -73872.0
4 1513935456 10 735495 = -44323.20000000298
1 833376 10 = -317949.3507245034
5 1152621577 10 833376 = 4547707.107862443
5 4654913843 10 833376 = 970177.516343981
5 5006935821 10 833376 = 1016376.4456937015
5 3333757803 10 833376 = 1016376.4456937015
5 1875835932 10 833376 = 923978.5869942755
5 1513935456 10 833376 = 48508.87581719458
0 232541 2 = 0.0
2 11 4 6 2 = 0.0
3 11 73793.000000 = -3328064.299999997
4 4000326759 11 232541 = -73872.0
4 2427948757 11 232541 = -73872.0
4 7149092388 11 232541 = -44323.20000000298
4 5222168570 11 232541 = -44323.20000000298
4 2816517821 11 232541 = -44323.20000000298
4 2607736182 11 232541 = -44323.20000000298
4 4496303709 11 232541 = -44323.20000000298
4 4359635096 11 232541 = -44323.20000000298
1 473462 11 = -305493.2952886373
5 4000326759 11 473462 = 554260.2084264904
5 2427948757 11 473462 = 554260.2084264904
5 7149092388 11 473462 = 30553.593989506364
5 5222168570 11 473462 = 29098.66094239056
5 2816517821 11 473462 = 33463.46008375287
5 2607736182 11 473462 = 32008.527036622167
5 4496303709 11 473462 = 36373.326177984476
5 4359635096 11 473462 = 32008.527036622167
0 595182 2 = 0.0
2 12 10 5 3 = 0.0
3 12 80633.000000 = -8718846.289999992
4 7149763202 12 595182 = -73872.0
4 1948272308 12 595182 = -73872.0
4 3208856640 12 595182 = -73872.0
4 8682688930 12 595182 = -44323.20000000298
4 9829380385 12 595182 = -44323.20000000298
4 2649721834 12 595182 = -44323.20000000298
4 1024503597 12 595182 = -44323.20000000298
4 2517070965 12 595182 = -44323.20000000298
1 319530 12 = -294805.1896031648
5 7149763202 12 319530 = 5981714.854124799
5 1948272308 12 319530 = 935806.0571786314
5 3208856640 12 319530 = 893269.4182159752
5 8682688930 12 319530 = 49129.81800188124
5 9829380385 12 319530 = 44663.47091080248
5 2649721834 12 319530 = 49129.81800188124
5 1024503597 12 319530 = 46896.64445632696
5 2517070965 12 319530 = 46896.64445632696
0 939093 2 = 0.0
2 13 10 5 3 = 0.0
3 13 67130.000000 = -4748104.900000006
4 5793620276 13 939093 = -73872.0
4 3793695792 13 939093 = -73872.0
4 2179612206 13 939093 = -73872.0
4 8250398546 13 939093 = -44323.20000000298
4 5954187092 13 939093 = -44323.20000000298
4 9828622153 13 939093 = -44323.20000000298
4 2831771630 13 939093 = -44323.20000000298
4 6345780673 13 939093 = -44323.20000000298
1 373147 13 = -232633.46916092932
5 5793620276 13 373147 = 2182984.7272417545
5 3793695792 13 373147 = 1697877.0100769103
5 2179612206 13 373147 = 1778728.296271056
5 8250398546 13 373147 = 97627.92807942629
5 5954187092 13 373147 = 84893.8505038321
5 9828622153 13 373147 = 97627.92807942629
5 2831771630 13 373147 = 89138.5430290401
5 6345780673 13 373147 = 97627.92807942629
0 595182 2 = 0.0
2 14 12 2 5 = 0.0
3 14 47547.000000 = -5141257.109999999
4 5493024407 14 595182 = -73872.0
4 1824524065 14 595182 = -73872.0
4 7191133327 14 595182 = -73872.0
4 6582620327 14 595182 = -73872.0
4 5687773595 14 595182 = -73872.0
4 7809283410 14 595182 = -44323.20000000298
4 4824103773 14 595182 = -44323.20000000298
1 643936 14 = -277162.3897188753
5 5493024407 14 643936 = 3684495.476867795
5 1824524065 14 643936 = 3364104.5658358335
5 7191133327 14 643936 = 888550.7932620347
5 6582620327 14 643936 = 717675.6407116354
5 5687773595 14 643936 = 751850.6712217331
5 7809283410 14 643936 = 39472.16023913026
5 4824103773 14 643936 = 52031.483951598406
0 232541 2 = 0.0
2 15 15 4 4 = 0.0
3 15 63394.000000 = -2859069.400000006
4 9922071053 15 232541 = -73872.0
4 2869433956 15 232541 = -73872.0
4 8837404825 15 232541 = -73872.0
4 2853665068 15 232541 = -73872.0
4 6369174297 15 232541 = -44323.20000000298
4 5543217231 15 232541 = -44323.20000000298
4 8148018893 15 232541 = -44323.20000000298
4 5971127340 15 232541 = -44323.20000000298
1 939093 15 = -290568.6353764087
5 9922071053 15 939093 = 3635666.807405442
5 2869433956 15 939093 = 775608.9189131558
5 8837404825 15 939093 = 740353.9680534601
5 2853665068 15 939093 = 705099.0171937943
5 6369174297 15 939093 = 42570.353163063526
5 5543217231 15 939093 = 38868.583322793245
5 8148018893 15 939093 = 53675.66268387437
5 5971127340 15 939093 = 38868.583322793245
0 473462 2 = 0.0
2 16 16 2 5 = 0.0
3 16 56771.000000 = -3172363.480000004
4 8276418947 16 473462 = -73872.0
4 2477924893 16 473462 = -73872.0
4 7208057667 16 473462 = -73872.0
4 6289106000 16 473462 = -73872.0
4 6115000171 16 473462 = -73872.0
4 1255494239 16 473462 = -44323.20000000298
4 7209441960 16 473462 = -44323.20000000298
1 478356 16 = -305130.7777784467
5 8276418947 16 478356 = 2275726.7191364765
5 2477924893 16 478356 = 2374671.359098941
5 7208057667 16 478356 = 2176782.079174012
5 6289106000 16 478356 = 464380.17689046264
5 6115000171 16 478356 = 443271.98703178763
5 1255494239 16 478356 = 23271.779319167137
5 7209441960 16 478356 = 24379.959286749363
0 473462 2 = 0.0
2 17 8 4 3 = 0.0
3 17 67394.000000 = -3765976.719999999
4 7546066345 17 473462 = -73872.0
4 9498317706 17 473462 = -73872.0
4 9318401736 17 473462 = -73872.0
4 3876032368 17 473462 = -44323.20000000298
4 2415238776 17 473462 = -44323.20000000298
4 4180592500 17 473462 = -44323.20000000298
4 4218592339 17 473462 = -44323.20000000298
1 126944 17 = -336242.2721963525
5 7546066345 17 126944 = 4216079.457687676
5 9498317706 17 126944 = 5059295.349225223
5 9318401736 17 126944 = 989373.3127373755
5 3876032368 17 126944 = 47220.08992609382
5 2415238776 17 126944 = 54303.10341501236
5 4180592500 17 126944 = 49581.0944224
5 4218592339 17 126944 = 51942.09891870618
0 371037 2 = 0.0
2 18 11 9 2 = 0.0
3 18 48010.000000 = -3337655.200000003
4 1043052210 18 371037 = -73872.0
4 9245810207 18 371037 = -73872.0
4 2880271260 18 371037 = -44323.20000000298
4 2672549816 18 371037 = -44323.20000000298
4 2596903924 18 371037 = -44323.20000000298
4 8947635335 18 371037 = -44323.20000000298
4 7777495655 18 371037 = -44323.20000000298
4 3513657265 18 371037 = -44323.20000000298
4 3592527040 18 371037 = -44323.20000000298
4 6662070787 18 371037 = -44323.20000000298
4 3050434184 18 371037 = -44323.20000000298
1 501644 18 = -289017.5776372701
5 1043052210 18 501644 = 1.1290675735771626E7
5 9245810207 18 501644 = 3096871.058954507
5 2880271260 18 501644 = 120433.8745149076
5 2672549816 18 501644 = 126455.56824064255
5 2596903924 18 501644 = 126455.56824064255
5 8947635335 18 501644 = 126455.56824064255
5 7777495655 18 501644 = 126455.56824064255
5 3513657265 18 501644 = 138498.95569214225
5 3592527040 18 501644 = 156564.0368693769
5 6662070787 18 501644 = 126455.56824064255
5 3050434184 18 501644 = 132477.2619663775
0 686109 2 = 0.0
2 19 10 4 3 = 0.0
3 19 72342.000000 = -3668462.819999993
4 9939851534 19 686109 = -73872.0
4 4457245234 19 686109 = -73872.0
4 5014523399 19 686109 = -73872.0
4 5512807899 19 686109 = -44323.20000000298
4 6872578302 19 686109 = -44323.20000000298
4 9467440854 19 686109 = -44323.20000000298
4 9769277859 19 686109 = -44323.20000000298
1 612570 19 = -384708.79476620257
5 9939851534 19 612570 = 7750669.304879338
5 4457245234 19 612570 = 8913269.700611234
5 5014523399 19 612570 = 1984171.3420491219
5 5512807899 19 612570 = 104168.99545758963
5 6872578302 19 612570 = 99828.62064683437
5 9467440854 19 612570 = 95488.24583610892
5 9769277859 19 612570 = 86807.49621465802
0 478356 2 = 0.0
2 20 14 5 3 = 0.0
3 20 79232.000000 = -5107294.719999999
4 3149319889 20 478356 = -73872.0
4 4064076977 20 478356 = -73872.0
4 9570574291 20 478356 = -73872.0
4 1807370116 20 478356 = -44323.20000000298
4 3346607893 20 478356 = -44323.20000000298
4 6038640049 20 478356 = -44323.20000000298
4 1414404770 20 478356 = -44323.20000000298
4 5899547727 20 478356 = -44323.20000000298
1 126944 20 = -366856.7099581063
5 3149319889 20 126944 = 4410936.590862304
5 4064076977 20 126944 = 5293123.909034759
5 9570574291 20 126944 = 1035099.7866556942
5 1807370116 20 126944 = 71633.61023560166
5 3346607893 20 126944 = 51872.61430853605
5 6038640049 20 126944 = 51872.61430853605
5 1414404770 20 126944 = 49402.489817649126
5 5899547727 20 126944 = 51872.61430853605
0 522367 2 = 0.0
2 21 11 2 4 = 0.0
3 21 58814.000000 = -4172853.299999997
4 6180012802 21 522367 = -73872.0
4 1313506719 21 522367 = -73872.0
4 2252265573 21 522367 = -73872.0
4 2913905649 21 522367 = -73872.0
4 1030114350 21 522367 = -44323.20000000298
4 8522651143 21 522367 = -44323.20000000298
1 501644 21 = -338083.0770226121
5 6180012802 21 501644 = 7594746.602936536
5 1313506719 21 501644 = 8679710.403356045
5 2252265573 21 501644 = 1543059.6272633076
5 2913905649 21 501644 = 1620212.608626455
5 1030114350 21 501644 = 85061.161952883
5 8522651143 21 501644 = 85061.161952883
0 501644 2 = 0.0
2 22 9 8 2 = 0.0
3 22 46492.000000 = -3544085.1599999964
4 5252091862 22 501644 = -73872.0
4 8588513347 22 501644 = -73872.0
4 7189696523 22 501644 = -44323.20000000298
4 8340265369 22 501644 = -44323.20000000298
4 3772647488 22 501644 = -44323.20000000298
4 8536490467 22 501644 = -44323.20000000298
4 3328283990 22 501644 = -44323.20000000298
4 3395732989 22 501644 = -44323.20000000298
4 6537843298 22 501644 = -44323.20000000298
4 9990793347 22 501644 = -44323.20000000298
1 735495 22 = -348035.51231113076
5 5252091862 22 735495 = 3294367.793556899
5 8588513347 22 735495 = 3764991.7640650272
5 7189696523 22 735495 = 35139.9231312871
5 8340265369 22 735495 = 36896.91928783059
5 3772647488 22 735495 = 38653.91544440389
5 8536490467 22 735495 = 38653.91544440389
5 3328283990 22 735495 = 36896.91928783059
5 3395732989 22 735495 = 38653.91544440389
5 6537843298 22 735495 = 36896.91928783059
5 9990793347 22 735495 = 43924.90391409397
0 905290 2 = 0.0
2 23 13 5 3 = 0.0
3 23 64102.000000 = -3405739.2600000054
4 8303732463 23 905290 = -73872.0
4 1267374595 23 905290 = -73872.0
4 5667922454 23 905290 = -73872.0
4 9897782673 23 905290 = -44323.20000000298
4 5492725656 23 905290 = -44323.20000000298
4 1448486094 23 905290 = -44323.20000000298
4 5009759234 23 905290 = -44323.20000000298
4 7913529469 23 905290 = -44323.20000000298
1 643936 23 = -350989.4569941312
5 8303732463 23 643936 = 557342.7512823045
5 1267374595 23 643936 = 583882.8822957575
5 5667922454 23 643936 = 583882.8822957575
5 9897782673 23 643936 = 29260.49444231391
5 5492725656 23 643936 = 29260.49444231391
5 1448486094 23 643936 = 29260.49444231391
5 5009759234 23 643936 = 27867.137564122677
5 7913529469 23 643936 = 29260.49444231391
0 376199 2 = 0.0
2 24 9 6 2 = 0.0
3 24 67256.000000 = -6658344.000000015
4 5445871709 24 376199 = -73872.0
4 4771622959 24 376199 = -73872.0
4 4115608591 24 376199 = -44323.19999998808
4 3129087766 24 376199 = -44323.19999998808
4 9837213845 24 376199 = -44323.19999998808
4 3553267005 24 376199 = -44323.19999998808
4 8804834291 24 376199 = -44323.19999998808
4 6089767251 24 376199 = -44323.19999998808
1 276046 24 = -333123.5966834128
5 5445871709 24 276046 = 7416314.919154912
5 4771622959 24 276046 = 1582147.1827530563
5 4115608591 24 276046 = 79287.1485902369
5 3129087766 24 276046 = 86838.30559882522
5 9837213845 24 276046 = 79287.1485902369
5 3553267005 24 276046 = 83062.72709453106
5 8804834291 24 276046 = 79287.1485902369
5 6089767251 24 276046 = 94389.46260741353
0 141542 2 = 0.0
2 25 7 6 2 = 0.0
3 25 54932.000000 = -3806787.599999994
4 9757777243 25 141542 = -73872.0
4 8298468435 25 141542 = -73872.0
4 1384181684 25 141542 = -44323.19999998808
4 5534836798 25 141542 = -44323.19999998808
4 5183500544 25 141542 = -44323.19999998808
4 6975165747 25 141542 = -44323.19999998808
4 6700943422 25 141542 = -44323.19999998808
4 1856478533 25 141542 = -44323.19999998808
1 905290 25 = -325922.753597945
5 9757777243 25 905290 = 3118900.076861471
5 8298468435 25 905290 = 3430790.084547609
5 1384181684 25 905290 = 36678.26490390301
5 5534836798 25 905290 = 34931.680860847235
5 5183500544 25 905290 = 36678.26490390301
5 6975165747 25 905290 = 38424.84894692898
5 6700943422 25 905290 = 34931.680860847235
5 1856478533 25 905290 = 34931.680860847235
0 612570 2 = 0.0
2 26 8 5 2 = 0.0
3 26 85994.000000 = -6602619.319999993
4 4754612301 26 612570 = -73872.0
4 9519460591 26 612570 = -73872.0
4 3873921718 26 612570 = -44323.19999998808
4 5405589240 26 612570 = -44323.19999998808
4 2498067743 26 612570 = -44323.19999998808
4 7208184670 26 612570 = -44323.19999998808
4 1046408609 26 612570 = -44323.19999998808
1 371037 26 = -568419.9556786418
5 4754612301 26 371037 = 3311895.0323129296
5 9519460591 26 371037 = 3599885.9046880007
5 3873921718 26 371037 = 196553.77039593458
5 5405589240 26 371037 = 158754.96839672327
5 2498067743 26 371037 = 158754.96839672327
5 7208184670 26 371037 = 158754.96839672327
5 1046408609 26 371037 = 226792.81199532747
0 643936 2 = 0.0
2 27 7 4 3 = 0.0
3 27 47518.000000 = -3110053.099999994
4 1944085048 27 643936 = -73872.0
4 4668127256 27 643936 = -73872.0
4 2102504961 27 643936 = -73872.0
4 5506284993 27 643936 = -44323.19999998808
4 4487815664 27 643936 = -44323.19999998808
4 1430026186 27 643936 = -44323.19999998808
4 5842781069 27 643936 = -44323.19999998808
1 595182 27 = -363144.0953838527
5 1944085048 27 595182 = 797417.3785684705
5 4668127256 27 595182 = 835389.6346908212
5 2102504961 27 595182 = 835389.6346908212
5 5506284993 27 595182 = 41864.41237485409
5 4487815664 27 595182 = 39870.868928432465
5 1430026186 27 595182 = 51832.129606962204
5 5842781069 27 595182 = 45851.499267697334
0 276046 2 = 0.0
2 28 10 4 3 = 0.0
3 28 56508.000000 = -3207394.080000013
4 3616491465 28 276046 = -73872.0
4 9582096343 28 276046 = -73872.0
4 6836645156 28 276046 = -73872.0
4 2066581303 28 276046 = -44323.19999998808
4 9609756815 28 276046 = -44323.19999998808
4 8025543860 28 276046 = -44323.19999998808
4 7501313059 28 276046 = -44323.19999998808
1 478356 28 = -371022.0400002599
5 3616491465 28 478356 = 606509.7295168042
5 9582096343 28 478356 = 505424.7745973468
5 6836645156 28 478356 = 505424.7745973468
5 2066581303 28 478356 = 29188.28073298931
5 9609756815 28 478356 = 27861.540699660778
5 8025543860 28 478356 = 30515.020766317844
5 7501313059 28 478356 = 29188.28073298931
0 376199 2 = 0.0
2 29 11 5 3 = 0.0
3 29 49402.000000 = -4890798.0
4 5968935933 29 376199 = -73872.0
4 4808820619 29 376199 = -73872.0
4 7165823543 29 376199 = -73872.0
4 8581208003 29 376199 = -44323.19999998808
4 3157741827 29 376199 = -44323.19999998808
4 7905757219 29 376199 = -44323.19999998808
4 8837944731 29 376199 = -44323.19999998808
4 1434922571 29 376199 = -44323.19999998808
1 595182 29 = -395716.24207887053
5 5968935933 29 595182 = 1.2099038588884532E7
5 4808820619 29 595182 = 2698452.2428542376
5 7165823543 29 595182 = 2581128.2322953343
5 8581208003 29 595182 = 147828.25330418348
5 3157741827 29 595182 = 135509.23219549656
5 7905757219 29 595182 = 123190.21108680964
5 8837944731 29 595182 = 129349.7216411829
5 1434922571 29 595182 = 129349.7216411829
0 232541 2 = 0.0
2 30 14 5 3 = 0.0
3 30 61992.000000 = -2795839.199999988
4 8649231745 30 232541 = -73872.0
4 7057490364 30 232541 = -73872.0
4 9770560531 30 232541 = -73872.0
4 1792851650 30 232541 = -44323.19999998808
4 7338362180 30 232541 = -44323.19999998808
4 7302505417 30 232541 = -44323.19999998808
4 2450792102 30 232541 = -44323.19999998808
4 7748571356 30 232541 = -44323.19999998808
1 595182 30 = -495806.2222638428
5 8649231745 30 595182 = 7748323.870294988
5 7057490364 30 595182 = 1652975.7589962482
5 9770560531 30 595182 = 1731688.8903770447
5 1792851650 30 595182 = 90913.66674476862
5 7338362180 30 595182 = 95046.10614228249
5 7302505417 30 595182 = 107443.42433476448
5 2450792102 30 595182 = 82648.78794980049
5 7748571356 30 595182 = 86781.22734731436
0 276046 3 = 0.0
2 31 0 2 3 = 0.0
0 522367 2 = 0.0
2 32 17 6 3 = 0.0
3 32 60561.000000 = -4296802.949999988
4 4099639725 32 522367 = -73872.0
4 7167549764 32 522367 = -73872.0
4 5979507541 32 522367 = -73872.0
4 8298551872 32 522367 = -44323.19999998808
4 1115006805 32 522367 = -44323.19999998808
4 4652050442 32 522367 = -44323.19999998808
4 5729616934 32 522367 = -44323.19999998808
4 3356073807 32 522367 = -44323.19999998808
4 1543341090 32 522367 = -44323.19999998808
1 276046 32 = -428885.4410776496
5 4099639725 32 276046 = 762968.8361714482
5 7167549764 32 276046 = 728288.434527278
5 5979507541 32 276046 = 936370.84439224
5 8298551872 32 276046 = 38235.14281266928
5 1115006805 32 276046 = 36414.421726346016
5 4652050442 32 276046 = 45518.02715796232
5 5729616934 32 276046 = 38235.14281266928
5 3356073807 32 276046 = 43697.30607163906
5 1543341090 32 276046 = 38235.14281266928
0 473462 2 = 0.0
2 33 9 4 3 = 0.0
3 33 50964.000000 = -2847868.319999993
4 3069751861 33 473462 = -73872.0
4 6561350362 33 473462 = -73872.0
4 7996392680 33 473462 = -73872.0
4 6928692665 33 473462 = -44323.19999998808
4 7951535098 33 473462 = -44323.19999998808
4 4517184179 33 473462 = -44323.19999998808
4 8324721540 33 473462 = -44323.19999998808
1 373147 33 = -416569.63098719716
5 3069751861 33 373147 = 3741732.896389067
5 6561350362 33 373147 = 3741732.896389067
5 7996392680 33 373147 = 917971.8039141297
5 6928692665 33 373147 = 48193.51970547438
5 7951535098 33 373147 = 44002.778861522675
5 4517184179 33 373147 = 44002.778861522675
5 8324721540 33 373147 = 46098.14928352833
0 895355 3 = 0.0
2 34 0 2 3 = 0.0
3 34 9364.000000 = -420256.31999999285
4 7841034025 34 895355 = -307800.0
4 9115419258 34 895355 = -307800.0
4 2054535105 34 895355 = -307800.0
4 3337293585 34 895355 = -184680.0
4 5510114385 34 895355 = -184680.0
1 473462 34 = -541828.467291683
5 7841034025 34 473462 = 1381053.9046279192
5 9115419258 34 473462 = 1104843.1237023473
5 2054535105 34 473462 = 1491538.21699816
5 3337293585 34 473462 = 170145.841050148
5 5510114385 34 473462 = 84106.18279182911
0 478356 3 = 0.0
2 35 0 2 3 = 0.0
3 35 8955.000000 = -577239.3000000119
4 4877326979 35 478356 = -307800.0
4 3884020580 35 478356 = -307800.0
4 2316684181 35 478356 = -307800.0
4 2085412767 35 478356 = -184680.0
4 1428652457 35 478356 = -184680.0
1 205347 35 = -451942.9506134391
5 4877326979 35 205347 = 6584382.895745993
5 3884020580 35 205347 = 1596214.0353323817
5 2316684181 35 205347 = 1276971.2282658815
5 2085412767 35 205347 = 196653.56915295124
5 1428652457 35 205347 = 70393.03895813227
0 941645 3 = 0.0
2 36 0 2 3 = 0.0
3 36 8841.000000 = -482364.96000000834
4 5665601719 36 941645 = -307800.0
4 7703042867 36 941645 = -307800.0
4 2151481872 36 941645 = -307800.0
4 2811112958 36 941645 = -184680.0
4 9438592452 36 941645 = -184680.0
1 232541 36 = -501143.2859967053
5 5665601719 36 232541 = 7158700.643959343
5 7703042867 36 232541 = 1672636.0869695544
5 2151481872 36 232541 = 1454466.1625822186
5 2811112958 36 232541 = 76359.47353553772
5 9438592452 36 232541 = 80177.44721233845
0 232541 3 = 0.0
2 37 0 2 3 = 0.0
3 37 8876.000000 = -400307.59999999404
4 7096670881 37 232541 = -307800.0
4 5658160427 37 232541 = -307800.0
4 1280704960 37 232541 = -307800.0
4 1588392781 37 232541 = -184680.0
4 3805609737 37 232541 = -184680.0
1 941645 37 = -562427.3147955239
5 7096670881 37 941645 = 1527189.4707113504
5 5658160427 37 941645 = 1454466.1625822186
5 1280704960 37 941645 = 1527189.4707113504
5 1588392781 37 941645 = 203625.26276153326
5 3805609737 37 941645 = 83995.42088913918
0 126944 3 = 0.0
2 38 0 2 3 = 0.0
3 38 8760.000000 = -746790.0
4 6427413439 38 126944 = -307800.0
4 9841107719 38 126944 = -307800.0
4 3459239060 38 126944 = -307800.0
4 8176791383 38 126944 = -184680.0
4 4581199934 38 126944 = -184680.0
1 941645 38 = -611237.9254415631
5 6427413439 38 941645 = 3191066.930420935
5 9841107719 38 941645 = 3046018.433583617
5 3459239060 38 941645 = 3336115.427258253
5 8176791383 38 941645 = 175146.0599310398
5 4581199934 38 941645 = 167531.01384711266
0 686109 3 = 0.0
2 39 0 2 3 = 0.0
3 39 8149.000000 = -413235.78999999166
4 9249211208 39 686109 = -307800.0
4 8130598621 39 686109 = -307800.0
4 4180818507 39 686109 = -307800.0
4 9351043542 39 686109 = -184680.0
4 7424834097 39 686109 = -184680.0
1 523605 39 = -534342.4110574126
5 9249211208 39 523605 = 3525659.6706901193
5 8130598621 39 523605 = 3846174.1862074137
5 4180818507 39 523605 = 3365402.412931502
5 9351043542 39 523605 = 176683.62667888403
5 7424834097 39 523605 = 193510.6387435794
0 376199 2 = 0.0
2 40 10 5 2 = 0.0
3 40 86280.000000 = -8541720.0
4 4801062455 40 376199 = -73872.0
4 6925995149 40 376199 = -73872.0
4 9195885585 40 376199 = -44323.19999998808
4 1499184353 40 376199 = -44323.19999998808
4 2652803034 40 376199 = -44323.19999998808
4 9818579766 40 376199 = -44323.19999998808
4 9879532344 40 376199 = -44323.19999998808
1 126944 40 = -535477.8122766614
5 4801062455 40 126944 = 3026176.275206983
5 6925995149 40 126944 = 2882072.6430543065
5 9195885585 40 126944 = 158874.25444835424
5 1499184353 40 126944 = 151308.8137603402
5 2652803034 40 126944 = 166439.69513636827
5 9818579766 40 126944 = 151308.8137603402
5 9879532344 40 126944 = 166439.69513636827
0 939093 2 = 0.0
2 41 6 1 3 = 0.0
3 41 84407.000000 = -5970107.110000014
4 6804759755 41 939093 = -73872.0
4 2667381916 41 939093 = -73872.0
4 6749107436 41 939093 = -73872.0
4 7962706345 41 939093 = -44323.19999998808
1 938284 41 = -436433.31060680747
5 6804759755 41 938284 = 2823099.0983124375
5 2667381916 41 938284 = 3091965.6791040897
5 6749107436 41 938284 = 2823099.0983124375
5 7962706345 41 938284 = 31618.709901094437
0 523605 3 = 0.0
2 42 0 2 3 = 0.0
3 42 7718.000000 = -757290.1599999964
4 9427013991 42 523605 = -307800.0
4 9067297437 42 523605 = -307800.0
4 1156101556 42 523605 = -307800.0
4 8100065310 42 523605 = -184680.0
4 6842724600 42 523605 = -184680.0
1 895355 42 = -667226.5039906204
5 9427013991 42 895355 = 1.3153036619001687E7
5 9067297437 42 895355 = 1.4468340280901909E7
5 1156101556 42 895355 = 2805981.1453870535
5 8100065310 42 895355 = 491046.7004427314
5 6842724600 42 895355 = 147314.0101327896
0 205347 2 = 0.0
2 43 10 5 2 = 0.0
3 43 80151.000000 = -5025467.699999988
4 5492814028 43 205347 = -73872.0
4 2453978552 43 205347 = -73872.0
4 8075236714 43 205347 = -44323.19999998808
4 7193667009 43 205347 = -44323.19999998808
4 8760450259 43 205347 = -44323.19999998808
4 5670158916 43 205347 = -44323.19999998808
4 5824229589 43 205347 = -44323.19999998808
1 232541 43 = -517890.5903366506
5 5492814028 43 232541 = 792814.7516291142
5 2453978552 43 232541 = 792814.7516291142
5 8075236714 43 232541 = 49550.92197680473
5 7193667009 43 232541 = 43604.811339616776
5 8760450259 43 232541 = 41622.77446055412
5 5670158916 43 232541 = 41622.77446055412
5 5824229589 43 232541 = 39640.737581431866
0 501644 3 = 0.0
2 44 0 2 3 = 0.0
3 44 7274.000000 = -554497.0200000107
4 2721368669 44 501644 = -307800.0
4 4462218081 44 501644 = -307800.0
4 3449182754 44 501644 = -307800.0
4 2122864276 44 501644 = -184680.0
4 3387413536 44 501644 = -184680.0
1 478356 44 = -586100.2673019767
5 2721368669 44 478356 = 1707560.9949803948
5 4462218081 44 478356 = 1862793.8127058744
5 3449182754 44 478356 = 1707560.9949803948
5 2122864276 44 478356 = 89646.95223647356
5 3387413536 44 478356 = 110021.25956296921
0 939093 2 = 0.0
2 45 13 1 4 = 0.0
3 45 63360.000000 = -4481452.800000012
4 7312187260 45 939093 = -73872.0
4 3601121834 45 939093 = -73872.0
4 8544206990 45 939093 = -73872.0
4 8826315888 45 939093 = -73872.0
4 1777712280 45 939093 = -44323.19999998808
1 232541 45 = -558843.2394088507
5 7312187260 45 232541 = 3470409.2252506614
5 3601121834 45 232541 = 740353.9680534601
5 8544206990 45 232541 = 705099.0171937943
5 8826315888 45 232541 = 846118.8206325173
5 1777712280 45 232541 = 40719.46824294329
0 276046 3 = 0.0
2 46 0 2 3 = 0.0
3 46 6957.000000 = -394879.31999999285
4 1613874526 46 276046 = -307800.0
4 4171781227 46 276046 = -307800.0
4 4374099697 46 276046 = -307800.0
4 3732656097 46 276046 = -184680.0
4 6403635294 46 276046 = -184680.0
1 941645 46 = -613384.9006358087
5 1613874526 46 941645 = 7010308.354402661
5 4171781227 46 941645 = 1767447.4396554828
5 4374099697 46 941645 = 1359574.9535811543
5 3732656097 46 941645 = 71377.6850630045
5 6403635294 46 941645 = 74946.56931614876
0 276046 3 = 0.0
2 47 1 7 1 = 0.0
3 47 8470.000000 = -480757.1999999881
4 6215595027 47 276046 = -307800.0
4 1024822529 47 276046 = -184680.0
4 5189097823 47 276046 = -184680.0
4 8258238476 47 276046 = -184680.0
4 7908046820 47 276046 = -184680.0
4 6572333663 47 276046 = -184680.0
4 2373248799 47 276046 = -184680.0
4 8938171240 47 276046 = -184680.0
1 371037 47 = -638519.5659929812
5 6215595027 47 371037 = 1.5153097942585886E7
5 1024822529 47 371037 = 178200.4318048358
5 5189097823 47 371037 = 237600.57573974133
5 8258238476 47 371037 = 195171.9015005231
5 7908046820 47 371037 = 203657.63634836674
5 6572333663 47 371037 = 195171.9015005231
5 2373248799 47 371037 = 186686.16665267944
5 8938171240 47 371037 = 203657.63634836674
0 522367 2 = 0.0
2 48 11 3 3 = 0.0
3 48 60791.000000 = -4313121.449999988
4 2309362932 48 522367 = -73872.0
4 5473258493 48 522367 = -73872.0
4 7357878778 48 522367 = -73872.0
4 5067747986 48 522367 = -44323.19999998808
4 7859604670 48 522367 = -44323.19999998808
4 3132635981 48 522367 = -44323.19999998808
1 126944 48 = -614684.141820997
5 2309362932 48 126944 = 7693162.515026748
5 5473258493 48 126944 = 2188277.337607622
5 7357878778 48 126944 = 1641208.0032057166
5 5067747986 48 126944 = 82060.40016031265
5 7859604670 48 126944 = 82060.40016031265
5 3132635981 48 126944 = 94369.46018433571
0 141542 3 = 0.0
2 49 0 2 3 = 0.0
3 49 6579.000000 = -455924.6999999881
4 1828595374 49 141542 = -307800.0
4 9478633994 49 141542 = -307800.0
4 8164490556 49 141542 = -307800.0
4 8882368615 49 141542 = -184680.0
4 9749672940 49 141542 = -184680.0
1 376199 49 = -519140.9723004997
5 1828595374 49 376199 = 3302508.1009908915
5 9478633994 49 376199 = 3302508.1009908915
5 8164490556 49 376199 = 3302508.1009908915
5 8882368615 49 376199 = 173381.67530202866
5 9749672940 49 376199 = 173381.67530202866
0 126944 2 = 0.0
2 50 13 6 2 = 0.0
3 50 67412.000000 = -5746873.0
4 8484879306 50 126944 = -73872.0
4 7710179449 50 126944 = -73872.0
4 8869236906 50 126944 = -44323.19999998808
4 6069942554 50 126944 = -44323.19999998808
4 6246188197 50 126944 = -44323.19999998808
4 7816302596 50 126944 = -44323.19999998808
4 3564998278 50 126944 = -44323.19999998808
4 5523752631 50 126944 = -44323.19999998808
1 473462 50 = -726431.2443803549
5 8484879306 50 473462 = 3984195.0875148773
5 7710179449 50 473462 = 849961.6186698079
5 8869236906 50 473462 = 44622.98498016596
5 6069942554 50 473462 = 46747.88902682066
5 6246188197 50 473462 = 48872.793073534966
5 7816302596 50 473462 = 44622.98498016596
5 3564998278 50 473462 = 44622.98498016596
5 5523752631 50 473462 = 44622.98498016596
0 905290 3 = 0.0
2 51 2 4 2 = 0.0
0 643936 3 = 0.0
2 52 2 4 2 = 0.0
0 501644 3 = 0.0
2 53 2 4 2 = 0.0
0 643936 2 = 0.0
2 54 15 4 3 = 0.0
3 54 64068.000000 = -4193250.599999994
4 3120934092 54 643936 = -73872.0
4 6787143711 54 643936 = -73872.0
4 1678007154 54 643936 = -73872.0
4 3091797533 54 643936 = -44323.19999998808
4 2087513616 54 643936 = -44323.19999998808
4 2896248594 54 643936 = -44323.19999998808
4 7865448208 54 643936 = -44323.19999998808
1 905290 54 = -623215.4390723109
5 3120934092 54 905290 = 3193109.5125548244
5 6787143711 54 905290 = 650233.2098293304
5 1678007154 54 905290 = 650233.2098293304
5 3091797533 54 905290 = 32511.660491466522
5 2087513616 54 905290 = 35762.82654058933
5 2896248594 54 905290 = 35762.82654058933
5 7865448208 54 905290 = 35762.82654058933
0 939093 3 = 0.0
2 55 0 2 3 = 0.0
3 55 6189.000000 = -437747.9699999988
4 3310370405 55 939093 = -307800.0
4 6722836940 55 939093 = -307800.0
4 6845735497 55 939093 = -307800.0
4 3281040797 55 939093 = -184680.0
4 1953928024 55 939093 = -184680.0
1 376199 55 = -594538.991857022
5 3310370405 55 376199 = 1.4417379385575593E7
5 6722836940 55 376199 = 3222169.869030237
5 6845735497 55 376199 = 3075707.6022561193
5 3281040797 55 376199 = 161474.64911842346
5 1953928024 55 376199 = 161474.64911842346
0 376199 3 = 0.0
2 56 0 2 3 = 0.0
3 56 6166.000000 = -610434.0
4 3387735945 56 376199 = -307800.0
4 8536857813 56 376199 = -307800.0
4 9139695626 56 376199 = -307800.0
4 5902212397 56 376199 = -184680.0
4 7539820962 56 376199 = -184680.0
1 939093 56 = -636781.1582317352
5 3387735945 56 939093 = 1.2205188897841781E7
5 8536857813 56 939093 = 2733962.3131165504
5 9139695626 56 939093 = 3124528.357847452
5 5902212397 56 939093 = 382754.72383630276
5 7539820962 56 939093 = 143533.02143859863
0 319530 3 = 0.0
2 57 0 2 3 = 0.0
3 57 6144.000000 = -250060.79999995232
4 6492373658 57 319530 = -307800.0
4 3444039985 57 319530 = -307800.0
4 8956826573 57 319530 = -307800.0
4 2797636829 57 319530 = -184680.0
4 4700063369 57 319530 = -184680.0
1 938284 57 = -575106.1387164593
5 6492373658 57 938284 = 4181383.6940060854
5 3444039985 57 938284 = 892028.5213880539
5 8956826573 57 938284 = 892028.5213879347
5 2797636829 57 938284 = 46831.49737286568
5 4700063369 57 938284 = 44702.79294681549
0 373147 3 = 0.0
2 58 0 2 3 = 0.0
3 58 5995.000000 = -532176.1499999762
4 2413280011 58 373147 = -307800.0
4 4568737231 58 373147 = -307800.0
4 9589985785 58 373147 = -307800.0
4 6294730715 58 373147 = -184680.0
4 3620879055 58 373147 = -184680.0
1 205347 58 = -637595.0935707688
5 2413280011 58 205347 = 1.2644250950489104E7
5 4568737231 58 205347 = 3211238.3366321325
5 9589985785 58 205347 = 2697440.2027709484
5 6294730715 58 205347 = 168590.01267313957
5 3620879055 58 205347 = 148359.21115243435
0 205347 3 = 0.0
2 59 0 2 3 = 0.0
3 59 6003.000000 = -376388.10000002384
4 4287337643 59 205347 = -307800.0
4 5150077924 59 205347 = -307800.0
4 9389591174 59 205347 = -307800.0
4 7025993953 59 205347 = -184680.0
4 6516100056 59 205347 = -184680.0
1 373147 59 = -647680.0901699066
5 4287337643 59 373147 = 1.354741173266685E7
5 5150077924 59 373147 = 3179125.953265786
5 9389591174 59 373147 = 3034620.2281173468
5 7025993953 59 373147 = 404616.0304156542
5 6516100056 59 373147 = 424846.8319364786
0 150902 2 = 0.0
2 60 13 4 3 = 0.0
3 60 50616.000000 = -1770547.6800000072
4 9577544221 60 150902 = -73872.0
4 6092601453 60 150902 = -73872.0
4 9010653951 60 150902 = -73872.0
4 6438996778 60 150902 = -44323.19999998808
4 6329089126 60 150902 = -44323.19999998808
4 5836482165 60 150902 = -44323.19999998808
4 5998802835 60 150902 = -44323.19999998808
1 126944 60 = -662739.807564795
5 9577544221 60 126944 = 993568.0102444887
5 6092601453 60 126944 = 834597.1286053658
5 9010653951 60 126944 = 1033310.7306542397
5 6438996778 60 126944 = 45902.84207332134
5 6329089126 60 126944 = 45902.84207332134
5 5836482165 60 126944 = 45902.84207332134
5 5998802835 60 126944 = 41729.85643029213
0 232541 2 = 0.0
2 61 4 3 2 = 0.0
3 61 60472.000000 = -2727287.2000000477
4 2468383720 61 232541 = -73872.0
4 6578605323 61 232541 = -73872.0
4 9749934434 61 232541 = -44323.199999928474
4 8661488850 61 232541 = -44323.200000047684
4 1076702633 61 232541 = -44323.199999928474
1 938284 61 = -728040.51848346
5 2468383720 61 938284 = 2681833.7593649626
5 6578605323 61 938284 = 546118.8746342659
5 9749934434 61 938284 = 30036.538104891777
5 8661488850 61 938284 = 28671.240918278694
5 1076702633 61 938284 = 32767.132478117943
0 473462 3 = 0.0
2 62 2 4 2 = 0.0
3 62 9409.000000 = -525774.9200000167
4 3363498144 62 473462 = -307800.0
4 6369191683 62 473462 = -307800.0
4 3655725404 62 473462 = -184680.0
4 7130097703 62 473462 = -184680.0
4 2508028307 62 473462 = -184680.0
4 4485826073 62 473462 = -184680.0
1 895355 62 = -811590.0679944754
5 3363498144 62 895355 = 6042110.832747102
5 6369191683 62 895355 = 1482331.1909673214
5 3655725404 62 895355 = 71055.22339308262
5 7130097703 62 895355 = 71055.22339308262
5 2508028307 62 895355 = 71055.22339308262
5 4485826073 62 895355 = 84589.55165851116
0 895355 2 = 0.0
2 63 10 5 2 = 0.0
3 63 59762.000000 = -2682118.559999943
4 3611525705 63 895355 = -73872.0
4 4502265518 63 895355 = -73872.0
4 4194910733 63 895355 = -44323.19999998808
4 9659423721 63 895355 = -44323.19999998808
4 9628920062 63 895355 = -44323.19999998808
4 5304154634 63 895355 = -44323.19999998808
4 5030012320 63 895355 = -44323.19999998808
1 905290 63 = -730357.9878172278
5 3611525705 63 905290 = 3396044.7206867933
5 4502265518 63 905290 = 4204626.79704082
5 4194910733 63 905290 = 36224.4770206213
5 9659423721 63 905290 = 39846.92472267151
5 9628920062 63 905290 = 50714.267828941345
5 5304154634 63 905290 = 39846.92472267151
5 5030012320 63 905290 = 41658.14857375622
0 150902 3 = 0.0
2 64 2 4 2 = 0.0
3 64 9083.000000 = -317723.3399999738
4 6068203844 64 150902 = -307800.0
4 6270369699 64 150902 = -307800.0
4 8103864081 64 150902 = -184680.0
4 1457392326 64 150902 = -184680.0
4 6829585287 64 150902 = -184680.0
4 6651572993 64 150902 = -184680.0
1 205347 64 = -627827.4256068468
5 6068203844 64 205347 = 1406682.8003845215
5 6270369699 64 205347 = 1406682.8003845215
5 8103864081 64 205347 = 70493.99033749104
5 1457392326 64 205347 = 93991.98711657524
5 6829585287 64 205347 = 87278.27375113964
5 6651572993 64 205347 = 97348.84379935265
0 643936 3 = 0.0
2 65 0 2 3 = 0.0
3 65 5708.000000 = -373588.60000002384
4 4517778438 65 643936 = -307800.0
4 1807356031 65 643936 = -307800.0
4 1006371838 65 643936 = -307800.0
4 3162712688 65 643936 = -184680.0
4 6922065798 65 643936 = -184680.0
1 141542 65 = -667845.2075237036
5 4517778438 65 141542 = 5410910.526011825
5 1807356031 65 141542 = 5668572.932012439
5 1006371838 65 141542 = 1099359.5989357233
5 3162712688 65 141542 = 63488.01683855057
5 6922065798 65 141542 = 72145.47368013859
0 941645 3 = 0.0
2 66 0 2 3 = 0.0
3 66 5687.000000 = -310282.7200000286
4 7981359140 66 941645 = -307800.0
4 3599639446 66 941645 = -307800.0
4 1952513458 66 941645 = -307800.0
4 7627678641 66 941645 = -184680.0
4 7948894013 66 941645 = -184680.0
1 939093 66 = -771554.1359926462
5 7981359140 66 939093 = 7648462.589608431
5 3599639446 66 939093 = 1317888.9385170937
5 1952513458 66 939093 = 1694428.6352363825
5 7627678641 66 939093 = 65894.44692587852
5 7948894013 66 939093 = 69189.16927218437
0 905290 2 = 0.0
2 67 13 4 3 = 0.0
3 67 48693.000000 = -2587059.089999974
4 1661776882 67 905290 = -73872.0
4 4396846755 67 905290 = -73872.0
4 8427235129 67 905290 = -73872.0
4 6675654096 67 905290 = -44323.19999998808
4 8598915388 67 905290 = -44323.19999998808
4 7643255037 67 905290 = -44323.19999998808
4 2609940715 67 905290 = -44323.19999998808
1 371037 67 = -809801.6740267277
5 1661776882 67 371037 = 9796303.20698309
5 4396846755 67 371037 = 1462914.6122428179
5 8427235129 67 371037 = 2020215.4169067144
5 6675654096 67 371037 = 76803.01714277267
5 8598915388 67 371037 = 91432.16326522827
5 7643255037 67 371037 = 84117.59020400047
5 2609940715 67 371037 = 80460.30367338657
0 232541 3 = 0.0
2 68 0 2 3 = 0.0
3 68 5564.000000 = -250936.39999997616
4 7289526589 68 232541 = -307800.0
4 8878916345 68 232541 = -307800.0
4 6929758077 68 232541 = -307800.0
4 7123222282 68 232541 = -184680.0
4 7836858298 68 232541 = -184680.0
1 643936 68 = -897814.6917546988
5 7289526589 68 643936 = 4786184.257589698
5 8878916345 68 643936 = 4568630.4276993275
5 6929758077 68 643936 = 1299521.543878913
5 7123222282 68 643936 = 142947.36982667446
5 7836858298 68 643936 = 51168.660790205
0 473462 2 = 0.0
2 69 12 5 2 = 0.0
3 69 75021.000000 = -4192173.480000019
4 3178679790 69 473462 = -73872.0
4 9829669596 69 473462 = -73872.0
4 1053708277 69 473462 = -44323.19999998808
4 7795075767 69 473462 = -44323.19999998808
4 8572723354 69 473462 = -44323.19999998808
4 1431634905 69 473462 = -44323.19999998808
4 7239401634 69 473462 = -44323.19999998808
1 523605 69 = -794694.3115015626
5 3178679790 69 523605 = 927821.7835683823
5 9829669596 69 523605 = 1391732.6753525734
5 1053708277 69 523605 = 51146.175819158554
5 7795075767 69 523605 = 48710.64363729954
5 8572723354 69 523605 = 63323.836728572845
5 1431634905 69 523605 = 51146.175819158554
5 7239401634 69 523605 = 53581.70800101757
0 523605 2 = 0.0
2 70 12 5 2 = 0.0
3 70 75049.000000 = -7363807.879999995
4 7129160814 70 523605 = -73872.0
4 2256858990 70 523605 = -73872.0
4 7699100572 70 523605 = -44323.19999998808
4 1264128757 70 523605 = -44323.19999998808
4 3756136640 70 523605 = -44323.19999998808
4 5329827451 70 523605 = -44323.19999998808
4 8354947603 70 523605 = -44323.19999998808
1 473462 70 = -921534.3934323788
5 7129160814 70 473462 = 1002047.5262538195
5 2256858990 70 473462 = 918543.5657327175
5 7699100572 70 473462 = 46031.558237314224
5 1264128757 70 473462 = 46031.558237314224
5 3756136640 70 473462 = 48223.537200927734
5 5329827451 70 473462 = 48223.537200927734
5 8354947603 70 473462 = 48223.537200927734
0 895355 3 = 0.0
2 71 0 2 3 = 0.0
3 71 5504.000000 = -247019.51999998093
4 3924620422 71 895355 = -307800.0
4 1167410181 71 895355 = -307800.0
4 2284668840 71 895355 = -307800.0
4 2701271314 71 895355 = -184680.0
4 3836356761 71 895355 = -184680.0
1 319530 71 = -758065.2048215866
5 3924620422 71 319530 = 1060340.1595823765
5 1167410181 71 319530 = 1060340.1595823765
5 2284668840 71 319530 = 1014238.4135135412
5 2701271314 71 319530 = 50827.1750408411
5 3836356761 71 319530 = 55667.85837805271
0 319530 3 = 0.0
2 72 2 4 2 = 0.0
3 72 8037.000000 = -327105.89999997616
4 9062004575 72 319530 = -307800.0
4 9498345386 72 319530 = -307800.0
4 3352938293 72 319530 = -184680.0
4 7911099039 72 319530 = -184680.0
4 8933676510 72 319530 = -184680.0
4 9783489168 72 319530 = -184680.0
1 141542 72 = -729656.95820117
5 9062004575 72 141542 = 5815708.091195822
5 9498345386 72 141542 = 1674923.9302643538
5 3352938293 72 141542 = 71649.52368354797
5 7911099039 72 141542 = 78163.11674571037
5 8933676510 72 141542 = 87933.50633883476
5 9783489168 72 141542 = 68392.72715246677
0 522367 3 = 0.0
2 73 0 2 3 = 0.0
3 73 5447.000000 = -386464.64999997616
4 6258199038 73 522367 = -307800.0
4 7689134381 73 522367 = -307800.0
4 7130926931 73 522367 = -307800.0
4 4254874255 73 522367 = -184680.0
4 4289421542 73 522367 = -184680.0
1 895355 73 = -794470.5202162266
5 6258199038 73 895355 = 6011931.7987987995
5 7689134381 73 895355 = 6011931.7987987995
5 7130926931 73 895355 = 1343619.0432870388
5 4254874255 73 895355 = 179556.36305749416
5 4289421542 73 895355 = 179556.36305749416
0 376199 3 = 0.0
2 74 0 2 3 = 0.0
3 74 5382.000000 = -532818.0
4 4805615347 74 376199 = -307800.0
4 2083077142 74 376199 = -307800.0
4 8064860552 74 376199 = -307800.0
4 8921301469 74 376199 = -184680.0
4 9915467011 74 376199 = -184680.0
1 473462 74 = -861733.1193854213
5 4805615347 74 473462 = 6737829.337205291
5 2083077142 74 473462 = 1505851.3820294142
5 8064860552 74 473462 = 1437403.5919371843
5 8921301469 74 473462 = 210819.19348406792
5 9915467011 74 473462 = 75463.6885766983
0 501644 2 = 0.0
2 75 9 4 2 = 0.0
3 75 70487.000000 = -5373224.00999999
4 2826942197 75 501644 = -73872.0
4 7918409762 75 501644 = -73872.0
4 1384961974 75 501644 = -44323.19999998808
4 5162900200 75 501644 = -44323.19999998808
4 2735733091 75 501644 = -44323.19999998808
4 3641653152 75 501644 = -44323.19999998808
1 686109 75 = -764016.4765597582
5 2826942197 75 686109 = 7521998.6628267765
5 7918409762 75 686109 = 2188217.792822361
5 1384961974 75 686109 = 80417.00388622284
5 5162900200 75 686109 = 76587.62274873257
5 2735733091 75 686109 = 80417.00388622284
5 3641653152 75 686109 = 84246.38502371311
0 313952 3 = 0.0
2 76 2 4 2 = 0.0
3 76 7724.000000 = -724742.9200000167
4 7396949501 76 313952 = -307800.0
4 8357588018 76 313952 = -307800.0
4 9865216022 76 313952 = -184680.0
4 1470234246 76 313952 = -184680.0
4 1239981088 76 313952 = -184680.0
4 7102316875 76 313952 = -184680.0
1 141542 76 = -735435.7305651307
5 7396949501 76 141542 = 3083842.590257764
5 8357588018 76 141542 = 3083842.590257764
5 9865216022 76 141542 = 154542.56617093086
5 1470234246 76 141542 = 147183.39635324478
5 1239981088 76 141542 = 154542.56617093086
5 7102316875 76 141542 = 169260.90580618382
0 905290 3 = 0.0
2 77 3 1 3 = 0.0
0 501644 2 = 0.0
2 78 12 1 4 = 0.0
3 78 46616.000000 = -3553537.680000007
4 1985447887 78 501644 = -73872.0
4 8569849585 78 501644 = -73872.0
4 9310286437 78 501644 = -73872.0
4 2996875496 78 501644 = -73872.0
4 9985804122 78 501644 = -44323.19999998808
1 373147 78 = -794979.8837736249
5 1985447887 78 373147 = 1.0502759239420414E7
5 8569849585 78 373147 = 2352618.069630146
5 9310286437 78 373147 = 2352618.069630146
5 2996875496 78 373147 = 2576676.9334044456
5 9985804122 78 373147 = 123512.44865560532
397358710.536352 = 0.0
