0 652525 2 = 0.0
2 0 5 4 3 = 0.0
3 0 79730.000000 = -3630904.1999999997
4 1066119320 0 652525 = -84773.25
4 8093376689 0 652525 = -84773.25
4 5387483639 0 652525 = -84773.25
4 1960799952 0 652525 = -50863.950000000186
4 2996155862 0 652525 = -50863.950000000186
4 6613523032 0 652525 = -50863.950000000186
4 3056946678 0 652525 = -50863.950000000186
1 833654 0 = -163752.17802204145
5 1066119320 0 833654 = 4860166.747711424
5 8093376689 0 833654 = 989706.683170326
5 5387483639 0 833654 = 1131093.3521946585
5 1960799952 0 833654 = 54433.86757436767
5 2996155862 0 833654 = 51959.600866442546
5 6613523032 0 833654 = 59382.40099021979
5 3056946678 0 833654 = 54433.86757436767
0 195261 2 = 0.0
2 1 9 0 5 = 0.0
3 1 64422.000000 = -5640790.32
4 1892121245 1 195261 = -84773.25
4 1134353237 1 195261 = -84773.25
4 6172974763 1 195261 = -84773.25
4 7303114771 1 195261 = -84773.25
4 4681284708 1 195261 = -84773.25
1 362363 1 = -190155.48939097114
5 1892121245 1 362363 = 1489397.5416741362
5 1134353237 1 362363 = 1560321.23413481
5 6172974763 1 362363 = 1418473.8492134623
5 7303114771 1 362363 = 1418473.8492134623
5 4681284708 1 362363 = 1418473.8492134623
0 465527 2 = 0.0
2 2 2 3 3 = 0.0
3 2 64147.000000 = -3330512.24
4 3615451774 2 465527 = -84773.25
4 8402440557 2 465527 = -84773.25
4 6973402004 2 465527 = -84773.25
4 1070990744 2 465527 = -50863.949999999255
4 4277300790 2 465527 = -50863.949999999255
4 5314217752 2 465527 = -50863.949999999255
1 411850 2 = -174433.93036405928
5 3615451774 2 411850 = 1.120428050917796E7
5 8402440557 2 411850 = 8216472.37339717
5 6973402004 2 411850 = 1593497.6724164188
5 1070990744 2 411850 = 87841.55919195712
5 4277300790 2 411850 = 87841.55919195712
5 5314217752 2 411850 = 104573.28475232422
0 255699 2 = 0.0
2 3 3 1 4 = 0.0
3 3 45970.000000 = -1769845.0
4 1094066636 3 255699 = -84773.25
4 8258109050 3 255699 = -84773.25
4 2446951936 3 255699 = -84773.25
4 5493844615 3 255699 = -84773.25
4 6292204665 3 255699 = -50863.94999999553
1 107582 3 = -142281.92760497704
5 1094066636 3 107582 = 2660879.204234354
5 8258109050 3 107582 = 645061.6252689362
5 2446951936 3 107582 = 567654.2302366644
5 5493844615 3 107582 = 541851.7652259022
5 6292204665 3 107582 = 28447.21767435968
0 652525 2 = 0.0
2 4 4 2 3 = 0.0
3 4 60741.000000 = -2766145.1400000006
4 5704247709 4 652525 = -84773.25
4 8778790377 4 652525 = -84773.25
4 7855892179 4 652525 = -84773.25
4 9223196326 4 652525 = -50863.949999999255
4 7440676224 4 652525 = -50863.949999999255
1 362363 4 = -216011.88032859936
5 5704247709 4 362363 = 668460.680070959
5 8778790377 4 362363 = 698845.2564378157
5 7855892179 4 362363 = 668460.680070959
5 9223196326 4 362363 = 33498.9954444617
5 7440676224 4 362363 = 33498.9954444617
0 988568 2 = 0.0
2 5 3 1 3 = 0.0
3 5 70520.000000 = -6391932.800000001
4 3215762681 5 988568 = -84773.25
4 6353645867 5 988568 = -84773.25
4 2064840388 5 988568 = -84773.25
4 7966091436 5 988568 = -50863.949999999255
1 345200 5 = -212037.00317767262
5 3215762681 5 345200 = 1459436.0677910075
5 6353645867 5 345200 = 1605379.674570106
5 2064840388 5 345200 = 1532407.8711805567
5 7966091436 5 345200 = 76620.39355903119
0 833654 2 = 0.0
2 6 2 5 1 = 0.0
3 6 85650.000000 = -7801002.0
4 2246787044 6 833654 = -84773.25
4 3367671737 6 833654 = -50863.95000000298
4 7545750439 6 833654 = -50863.95000000298
4 5177493269 6 833654 = -50863.95000000298
4 6090291431 6 833654 = -50863.95000000298
4 3522769171 6 833654 = -50863.95000000298
1 465527 6 = -213376.30526120216
5 2246787044 6 465527 = 1687970.5428704694
5 3367671737 6 465527 = 84590.34197793901
5 7545750439 6 465527 = 92646.5650234595
5 5177493269 6 465527 = 92646.5650234595
5 6090291431 6 465527 = 84590.34197793901
5 3522769171 6 465527 = 88618.45350070298
0 195261 2 = 0.0
2 7 4 3 2 = 0.0
3 7 75422.000000 = -6603950.32
4 7987612747 7 195261 = -84773.25
4 2911268194 7 195261 = -84773.25
4 7107264779 7 195261 = -50863.95000000298
4 1143336782 7 195261 = -50863.95000000298
4 8856302225 7 195261 = -50863.95000000298
1 247775 7 = -236478.63867260516
5 7987612747 7 247775 = 3206100.989391975
5 2911268194 7 247775 = 2927309.599010065
5 7107264779 7 247775 = 161002.02794555575
5 1143336782 7 247775 = 168320.30194307864
5 8856302225 7 247775 = 204911.671930708
0 923869 2 = 0.0
2 8 4 0 3 = 0.0
3 8 73334.000000 = -3242829.4799999967
4 1964080700 8 923869 = -84773.25
4 4330921488 8 923869 = -84773.25
4 1320685080 8 923869 = -84773.25
1 988568 8 = -205341.544019863
5 1964080700 8 988568 = 4971537.520074591
5 4330921488 8 988568 = 968369.0473884419
5 1320685080 8 988568 = 968369.0473884419
0 620294 2 = 0.0
2 9 4 1 3 = 0.0
3 9 50970.000000 = -2635149.0
4 7075573416 9 620294 = -84773.25
4 7587299199 9 620294 = -84773.25
4 6409497827 9 620294 = -84773.25
4 5231068089 9 620294 = -50863.95000000298
1 996365 9 = -201058.5844887644
5 7075573416 9 996365 = 702809.4256724417
5 7587299199 9 996365 = 702809.4256724417
5 6409497827 9 996365 = 766701.1916426644
5 5231068089 9 996365 = 36897.49484780431
0 172232 2 = 0.0
2 10 8 3 3 = 0.0
3 10 45526.000000 = -1933033.960000001
4 7429900108 10 172232 = -84773.25
4 8129079698 10 172232 = -84773.25
4 7188724695 10 172232 = -84773.25
4 1580410425 10 172232 = -50863.95000000298
4 7556340977 10 172232 = -50863.95000000298
4 3549394270 10 172232 = -50863.95000000298
1 465527 10 = -200314.70340147614
5 7429900108 10 465527 = 2753594.907834731
5 8129079698 10 465527 = 536352.3994391114
5 7188724695 10 465527 = 561892.9898885936
5 1580410425 10 465527 = 26817.619971960783
5 7556340977 10 465527 = 29499.38196915388
5 3549394270 10 465527 = 29499.38196915388
0 345896 3 = 0.0
2 11 0 2 3 = 0.0
3 11 5319.000000 = -451689.4799999967
4 7045704117 11 345896 = -297900.0
4 4386097584 11 345896 = -297900.0
4 1551033736 11 345896 = -297900.0
4 2065814033 11 345896 = -178740.0
4 8492406191 11 345896 = -178740.0
1 984172 11 = -277207.63537504524
5 7045704117 11 984172 = 2.332772012957117E7
5 4386097584 11 984172 = 2.226736921459067E7
5 1551033736 11 984172 = 4976580.294308513
5 2065814033 11 984172 = 273146.3956989795
5 8492406191 11 984172 = 273146.3956989795
0 533777 2 = 0.0
2 12 2 1 2 = 0.0
3 12 107486.000000 = -7590661.32
4 8991430715 12 533777 = -84773.25
4 2995484558 12 533777 = -84773.25
4 5880771296 12 533777 = -50863.95000000298
1 255699 12 = -267602.414868325
5 8991430715 12 255699 = 4673649.2196365
5 2995484558 12 255699 = 906404.6971416324
5 5880771296 12 255699 = 52344.87125992775
0 479631 2 = 0.0
2 13 3 4 1 = 0.0
3 13 77645.000000 = -7353757.9499999955
4 4375114898 13 479631 = -84773.25
4 5719030995 13 479631 = -50863.95000000298
4 2645049757 13 479631 = -50863.95000000298
4 8137883111 13 479631 = -50863.95000000298
4 2958956926 13 479631 = -50863.95000000298
1 620294 13 = -285539.29765224457
5 4375114898 13 620294 = 1573124.6623708308
5 5719030995 13 620294 = 82589.04477447271
5 2645049757 13 620294 = 86521.85643039644
5 8137883111 13 620294 = 114051.53802189231
5 2958956926 13 620294 = 86521.85643039644
0 747699 2 = 0.0
2 14 5 2 2 = 0.0
3 14 65807.000000 = -3706250.2399999946
4 8742071772 14 747699 = -84773.25
4 4170738112 14 747699 = -84773.25
4 8021527228 14 747699 = -50863.95000000298
4 3731629535 14 747699 = -50863.95000000298
1 255699 14 = -250338.48171195388
5 8742071772 14 255699 = 2930128.9431277364
5 4170738112 14 255699 = 513470.21479572356
5 8021527228 14 255699 = 23441.03154502809
5 3731629535 14 255699 = 23441.03154502809
0 833654 2 = 0.0
2 15 7 2 2 = 0.0
3 15 104114.000000 = -9482703.120000005
4 4324644513 15 833654 = -84773.25
4 9734881341 15 833654 = -84773.25
4 3636199410 15 833654 = -50863.95000000298
4 6152973282 15 833654 = -50863.95000000298
1 620294 15 = -290388.6012032479
5 4324644513 15 620294 = 9005994.33808057
5 9734881341 15 620294 = 1681118.9431083798
5 3636199410 15 620294 = 96664.33922871947
5 6152973282 15 620294 = 88258.74451318383
0 923869 2 = 0.0
2 16 1 1 2 = 0.0
3 16 54156.000000 = -2394778.319999993
4 4547340293 16 923869 = -84773.25
4 7239019705 16 923869 = -84773.25
4 8541689919 16 923869 = -50863.95000000298
1 411850 16 = -278093.11217552423
5 4547340293 16 411850 = 909046.3595198393
5 7239019705 16 411850 = 826405.7813816667
5 8541689919 16 411850 = 45555.61869865656
0 591791 2 = 0.0
2 17 4 2 2 = 0.0
3 17 52261.000000 = -3569948.9099999964
4 5681372337 17 591791 = -84773.25
4 7504659005 17 591791 = -84773.25
4 2747115919 17 591791 = -50863.95000000298
4 3844980960 17 591791 = -50863.95000000298
1 375958 17 = -233618.66509109735
5 5681372337 17 375958 = 1605012.1483637989
5 7504659005 17 375958 = 1532057.0507109165
5 2747115919 17 375958 = 80432.99516230822
5 3844980960 17 375958 = 114904.27880331874
0 479631 2 = 0.0
2 18 4 5 1 = 0.0
3 18 47228.000000 = -4472963.879999995
4 4275904856 18 479631 = -84773.25
4 4110089434 18 479631 = -50863.95000000298
4 7360669397 18 479631 = -50863.95000000298
4 7856559848 18 479631 = -50863.95000000298
4 1307219294 18 479631 = -50863.95000000298
4 7526229961 18 479631 = -50863.95000000298
1 996365 18 = -335802.7533840686
5 4275904856 18 996365 = 5950274.737275004
5 4110089434 18 996365 = 66643.07705748081
5 7360669397 18 996365 = 69816.55691736937
5 7856559848 18 996365 = 69816.55691736937
5 1307219294 18 996365 = 66643.07705748081
5 7526229961 18 996365 = 63469.59719759226
0 652525 2 = 0.0
2 19 6 2 2 = 0.0
3 19 66434.000000 = -3025404.3599999994
4 1067480845 19 652525 = -84773.25
4 9620905389 19 652525 = -84773.25
4 6050391905 19 652525 = -50863.95000000298
4 8939356208 19 652525 = -50863.95000000298
1 533777 19 = -258971.90299078822
5 1067480845 19 533777 = 940494.2981985211
5 9620905389 19 533777 = 985279.7409698665
5 6050391905 19 533777 = 47024.714909911156
5 8939356208 19 533777 = 47024.714909911156
0 172232 2 = 0.0
2 20 5 1 2 = 0.0
3 20 98689.000000 = -4190334.9399999976
4 7444488244 20 172232 = -84773.25
4 7906218204 20 172232 = -84773.25
4 8306162259 20 172232 = -50863.95000000298
1 747699 20 = -295633.8790682554
5 7444488244 20 747699 = 2435759.8411274254
5 7906218204 20 747699 = 494884.5391497016
5 8306162259 20 747699 = 29878.654051154852
0 345896 3 = 0.0
2 21 5 3 2 = 0.0
3 21 8243.000000 = -699995.5600000024
4 2757097993 21 345896 = -297900.0
4 7609009726 21 345896 = -297900.0
4 3632863404 21 345896 = -178740.0
4 8595274198 21 345896 = -178740.0
4 2349854889 21 345896 = -178740.0
1 107582 21 = -386331.3931263536
5 2757097993 21 107582 = 3000779.4073114395
5 7609009726 21 107582 = 3858144.9522575736
5 3632863404 21 107582 = 165042.86740213633
5 8595274198 21 107582 = 180046.76443868876
5 2349854889 21 107582 = 157540.9188838601
0 619737 3 = 0.0
2 22 2 4 2 = 0.0
3 22 4781.000000 = -331323.299999997
4 8897833980 22 619737 = -297900.0
4 8663141789 22 619737 = -297900.0
4 8079034260 22 619737 = -178740.0
4 4223202953 22 619737 = -178740.0
4 8886621980 22 619737 = -178740.0
4 3193946091 22 619737 = -178740.0
1 247775 22 = -436195.3369295746
5 8897833980 22 247775 = 4719440.417007297
5 8663141789 22 247775 = 4103861.232180238
5 8079034260 22 247775 = 247770.62189286947
5 4223202953 22 247775 = 280088.52909630537
5 8886621980 22 247775 = 215452.71468946338
5 3193946091 22 247775 = 247770.62189286947
0 747699 2 = 0.0
2 23 3 1 2 = 0.0
3 23 55933.000000 = -3150146.5600000024
4 9872430786 23 747699 = -84773.25
4 3340683179 23 747699 = -84773.25
4 8662450800 23 747699 = -50863.95000000298
1 984172 23 = -317042.0244521946
5 9872430786 23 984172 = 881232.8625955582
5 3340683179 23 984172 = 881232.8625955582
5 8662450800 23 984172 = 48467.80744275451
0 619737 2 = 0.0
2 24 2 3 1 = 0.0
3 24 66355.000000 = -4598401.5
4 2715828525 24 619737 = -84773.25
4 1156957056 24 619737 = -50863.95000000298
4 3265195313 24 619737 = -50863.95000000298
4 8390281452 24 619737 = -50863.95000000298
1 195261 24 = -341793.8207861334
5 2715828525 24 195261 = 2954114.2569193244
5 1156957056 24 195261 = 148041.40764787793
5 3265195313 24 195261 = 155090.9984882772
5 8390281452 24 195261 = 148041.40764787793
0 195261 2 = 0.0
2 25 4 1 2 = 0.0
3 25 66313.000000 = -5806366.280000001
4 1813829713 25 195261 = -84773.25
4 6762583448 25 195261 = -84773.25
4 9372038130 25 195261 = -50863.95000000298
1 619737 25 = -377197.0414375216
5 1813829713 25 619737 = 2954114.2569193244
5 6762583448 25 619737 = 2685558.415381223
5 9372038130 25 619737 = 155090.9984882772
0 345200 2 = 0.0
2 26 1 3 1 = 0.0
3 26 54035.000000 = -2484529.299999997
4 2739948031 26 345200 = -84773.25
4 3045009377 26 345200 = -50863.95000000298
4 9313828514 26 345200 = -50863.95000000298
4 5453968633 26 345200 = -50863.95000000298
1 591791 26 = -279058.7956198454
5 2739948031 26 591791 = 726349.0925229192
5 3045009377 26 591791 = 34666.66123405099
5 9313828514 26 591791 = 39866.66041916609
5 5453968633 26 591791 = 38133.32735744119
0 988568 2 = 0.0
2 27 4 1 2 = 0.0
3 27 62827.000000 = -5694639.280000001
4 8396695069 27 988568 = -84773.25
4 9612792106 27 988568 = -84773.25
4 2966955679 27 988568 = -50863.95000000298
1 195261 27 = -425518.10853759944
5 8396695069 27 195261 = 1.4836647412589163E7
5 9612792106 27 195261 = 2637626.206682503
5 2966955679 27 195261 = 159246.682228446
0 988568 2 = 0.0
2 28 0 2 1 = 0.0
3 28 73320.000000 = -6645724.800000012
4 1370398679 28 988568 = -84773.25
4 8681513439 28 988568 = -50863.94999998808
4 1395577388 28 988568 = -50863.94999998808
1 923869 28 = -399201.7302182913
5 1370398679 28 923869 = 871532.142649591
5 8681513439 28 923869 = 50113.098202347755
5 1395577388 28 923869 = 58828.419628858566
0 618993 3 = 0.0
2 29 3 1 3 = 0.0
3 29 4841.000000 = -336013.8100000024
4 6369698221 29 618993 = -297900.0
4 7089022429 29 618993 = -297900.0
4 2486752726 29 618993 = -297900.0
4 1893760923 29 618993 = -178740.0
1 619737 29 = -393824.1308221221
5 6369698221 29 619737 = 3143353.237903744
5 7089022429 29 619737 = 2514682.590323001
5 2486752726 29 619737 = 2766150.84935531
5 1893760923 29 619737 = 145222.91959115863
0 362363 2 = 0.0
2 30 6 1 2 = 0.0
3 30 93596.000000 = -7165709.75999999
4 1601626839 30 362363 = -84773.25
4 3285606258 30 362363 = -84773.25
4 2724148829 30 362363 = -50863.94999998808
1 224638 30 = -428286.8197695017
5 1601626839 30 224638 = 9082674.65847665
5 3285606258 30 224638 = 1937637.2604750097
5 2724148829 30 224638 = 97102.04907608032
0 843453 2 = 0.0
2 31 7 5 1 = 0.0
3 31 50551.000000 = -4782124.599999994
4 3521725181 31 843453 = -84773.25
4 9128928006 31 843453 = -50863.94999998808
4 5968409914 31 843453 = -50863.94999998808
4 6960424262 31 843453 = -50863.94999998808
4 2198849731 31 843453 = -50863.94999998808
4 5415967501 31 843453 = -50863.94999998808
1 479631 31 = -388065.7453327775
5 3521725181 31 479631 = 1.284720655010423E7
5 9128928006 31 479631 = 143888.71336117387
5 5968409914 31 479631 = 137632.68234544992
5 6960424262 31 479631 = 131376.65132975578
5 2198849731 31 479631 = 125120.62031406164
5 5415967501 31 479631 = 131376.65132975578
0 996365 2 = 0.0
2 32 4 1 2 = 0.0
3 32 56299.000000 = -4031571.3899999857
4 8413053711 32 996365 = -84773.25
4 8592753617 32 996365 = -84773.25
4 3860086687 32 996365 = -50863.94999998808
1 591791 32 = -420432.5431165993
5 8413053711 32 591791 = 3314359.7560485303
5 8592753617 32 591791 = 774402.787444979
5 3860086687 32 591791 = 44191.46341398358
0 533777 2 = 0.0
2 33 2 0 2 = 0.0
3 33 66429.000000 = -4691215.979999989
4 1229549318 33 533777 = -84773.25
4 5202115522 33 533777 = -84773.25
1 652525 33 = -413080.8304308951
5 1229549318 33 652525 = 886751.7668728828
5 5202115522 33 652525 = 927058.6653670967
0 255699 3 = 0.0
2 34 2 2 2 = 0.0
3 34 5826.000000 = -224301.0
4 9448949035 34 255699 = -297900.0
4 2379438393 34 255699 = -297900.0
4 1074197706 34 255699 = -178740.0
4 5342847338 34 255699 = -178740.0
1 619737 34 = -528684.6198271811
5 9448949035 34 619737 = 7816480.885468841
5 2379438393 34 619737 = 7816480.885468841
5 1074197706 34 619737 = 87544.58591726422
5 5342847338 34 619737 = 87544.58591726422
0 620294 2 = 0.0
2 35 7 1 2 = 0.0
3 35 104124.000000 = -5383210.800000012
4 6030342279 35 620294 = -84773.25
4 9522229419 35 620294 = -84773.25
4 8464783671 35 620294 = -50863.94999998808
1 833654 35 = -398089.4924185872
5 6030342279 35 833654 = 1.055389961493814E7
5 9522229419 35 833654 = 1891258.81099689
5 8464783671 35 833654 = 104019.23460483551
0 479631 2 = 0.0
2 36 4 3 1 = 0.0
3 36 70127.000000 = -6641728.169999987
4 5673176475 36 479631 = -84773.25
4 2650499552 36 479631 = -50863.94999998808
4 6906821089 36 479631 = -50863.94999998808
4 6556510810 36 479631 = -50863.94999998808
1 544022 36 = -470293.32703742385
5 5673176475 36 544022 = 2868101.938939631
5 2650499552 36 544022 = 143405.09694695473
5 6906821089 36 544022 = 157745.6066417098
5 6556510810 36 544022 = 215107.6454204917
0 618993 3 = 0.0
2 37 2 1 2 = 0.0
3 37 8724.000000 = -605532.8400000036
4 4815565753 37 618993 = -297900.0
4 4535272599 37 618993 = -297900.0
4 4135891066 37 618993 = -178740.0
1 620294 37 = -407089.7968272567
5 4815565753 37 620294 = 7473741.896918833
5 4535272599 37 620294 = 1666870.920040071
5 4135891066 37 620294 = 114144.42169839144
0 479631 3 = 0.0
2 38 2 4 2 = 0.0
3 38 4257.000000 = -403180.4699999988
4 8533097464 38 479631 = -297900.0
4 6680507619 38 479631 = -297900.0
4 3037772591 38 479631 = -178740.0
4 6320941060 38 479631 = -178740.0
4 5455360050 38 479631 = -178740.0
4 7559507737 38 479631 = -178740.0
1 923869 38 = -501101.3397138715
5 8533097464 38 923869 = 5082834.491010904
5 6680507619 38 923869 = 1135973.168784678
5 3037772591 38 923869 = 54216.90123742819
5 6320941060 38 923869 = 59638.59136116505
5 5455360050 38 923869 = 56927.74629932642
5 7559507737 38 923869 = 62349.43642306328
0 972366 3 = 0.0
2 39 1 3 2 = 0.0
3 39 4434.000000 = -254112.53999999166
4 1721563481 39 972366 = -297900.0
4 1502519942 39 972366 = -297900.0
4 1119377555 39 972366 = -178740.0
4 8494182678 39 972366 = -178740.0
4 4902888856 39 972366 = -178740.0
1 224638 39 = -488022.41599303484
5 1721563481 39 224638 = 1.3630212271366596E7
5 1502519942 39 224638 = 2460428.061292827
5 1119377555 39 224638 = 123300.99716252089
5 8494182678 39 224638 = 123300.99716252089
5 4902888856 39 224638 = 123300.99716252089
0 345896 2 = 0.0
2 40 4 0 2 = 0.0
3 40 78572.000000 = -6672334.24000001
4 1488191327 40 345896 = -84773.25
4 6105722397 40 345896 = -84773.25
1 735966 40 = -458698.9365464747
5 1488191327 40 735966 = 2959151.0304763913
5 6105722397 40 735966 = 2959151.0304763913
120978070.954246 = 0.0
